plt_cn	subp	ref.volume	pred.vol_k1	pred.vol_k5	pred.vol_k10	pred.vol_k15	pred.vol_k18	pred.vol_k22	xAlb	yAlb	tcap_B	tcap_G	tcap_W
100231500010661	1	269.054	828.876	2915.3254	2270.5812	2237.4898	2181.595333	1988.369364	815016.56	2679524.58	2341.752197	1523.947754	-68.235199
100231500010661	3	202.262	85.474	1139.9088	1742.4494	1853.275267	1627.058944	1541.014864	815048.23	2679506.29	2123.188965	1352.610474	-59.737499
100231500010661	4	1181.411	644.204	2222.4676	2195.766	2147.629467	2085.569	2196.942682	814984.88	2679506.29	2368.30835	1531.474243	-2.4569
100231546010661	2	3233.763	1284.487	1309.2496	1262.8775	1881.3882	1893.619944	1903.809682	798552.39	2666517.63	3635.663818	2780.406006	-6.6946
100231546010661	3	1436.861	143.631	1771.201	1441.6419	1502.7448	1571.782556	1561.101409	798584.07	2666462.76	3463.349609	2700.49585	85.690804
100231546010661	4	361.615	190.967	378.6804	961.8281	1130.840067	1178.537111	1108.119955	798520.71	2666462.76	3838.233398	3051.963379	142.806702
100231667010661	1	518.637	857.511	1274.0446	1259.3375	1273.761467	1404.256111	1349.323591	785539.37	2656082.55	3927.983643	2929.381592	-148.182404
100231667010661	2	567.543	1878.867	1411.2016	1640.9751	1550.7464	1374.585556	1402.177682	785539.37	2656119.13	3830.48999	2886.80542	-111.285202
100231667010661	3	686.183	1520.16	1212.242	1590.0168	1539.073733	1771.890778	1807.909727	785571.05	2656064.26	3662.524414	2746.827637	-65.122398
100231667010661	4	620.097	2681.939	1126.5984	955.0118	908.2984	934.629111	1225.717909	785507.7	2656064.26	3958.858887	3003.361816	-32.364601
100231775010661	1	471.722	498.214	1988.238	1313.9358	1267.2314	1412.687278	1441.515818	809986.67	2658953.47	3593.515381	2347.063721	-364.106201
100231775010661	2	513.031	2581.931	1625.8056	1497.238	1375.1726	1380.954	1403.765773	809986.67	2658990.05	3825.731201	2650.840088	-254.077194
100231775010661	3	1401.401	3698.568	1538.645	1293.3235	1192.777067	1424.654667	1446.198318	810018.34	2658935.19	3621.888184	2416.673584	-302.376007
100231886010661	1	5129.201	2830.699	2049.802	2040.4641	1824.374067	1693.228833	1619.231955	825504.21	2661243	3578.846191	2724.382324	5.436
100231886010661	2	1572.783	1758.791	1276.28	2098.9246	1874.239133	1695.423778	1624.717591	825504.21	2661279.58	3433.769043	2585.514404	47.844501
100231886010661	3	1171.954	2309.901	1056.4098	1050.99	1241.810933	1259.360167	1449.406864	825535.89	2661224.71	3779.410645	3069.249512	227.679001
100231886010661	4	348.98	1536.154	1790.346	1548.0995	1533.508	1565.284556	1670.831	825472.54	2661224.71	3628.81543	2760.140381	41.733799
100231983010661	1	1581.416	1258.265	1638.1316	1558.964	1431.1316	1626.6755	1925.120091	781662.67	2649335.98	3774.957031	2880.287598	2.8282
100231983010661	2	2247.979	1878.867	1176.1134	1220.6356	1174.893667	1129.033056	1272.587864	781662.67	2649372.55	3823.97876	2862.413818	-61.634102
100231983010661	3	4135.511	307.215	1211.2114	1202.0967	1282.689067	1261.718333	1223.791727	781694.34	2649317.69	3818.07251	2901.677002	-39.643799
100231983010661	4	1975.53	536.411	1311.279	2020.5303	1869.506267	1794.281556	1616.507955	781630.99	2649317.69	3731.205322	2828.303467	-69.532402
100232137010661	1	1951.886	196.697	1179.1598	1238.2607	1719.7304	1690.831389	2037.127227	796507.63	2649285.46	2713.793945	1893.120605	-17.16
100232137010661	2	2518.61	656.761	1129.6402	1221.1757	1827.9672	1878.428444	1755.936727	796507.63	2649322.03	3045.83667	2212.178223	59.328201
100232137010661	3	2711.169	2755.615	1410.868	1548.0865	1835.433267	1742.085444	1757.994364	796539.31	2649267.17	3141.453857	2430.459717	135.126602
100232137010661	4	2568.025	48.353	1361.4686	1485.7209	1317.2838	1606.569278	1797.785773	796475.96	2649267.17	2579.898926	1807.764648	48.0056
100232251010661	1	1408.112	1064.646	1136.1212	954.5607	1104.9868	1134.814944	1123.773727	815633.45	2658612.79	3852.490234	3002.195068	26.915001
100232251010661	2	1426.474	1547.34	2505.7824	2289.2313	1892.942867	1766.853333	1685.438045	815633.45	2658649.36	3573.57959	2765.632812	-39.676899
100232251010661	3	1207.823	1520.034	1421.6374	1459.5514	1728.643133	1770.512944	1643.181318	815665.13	2658594.5	3562.983643	2792.363281	72.836098
100232251010661	4	394.867	1686.488	1224.4932	1011.2268	839.188533	812.046667	991.334409	815601.77	2658594.5	3896.583496	3009.770752	31.567301
100232355010661	1	48.353	2568.025	1979.382	1630.1006	1457.3988	1692.420722	1808.144909	808995.61	2651438.73	2605.01709	1792.199951	63.1992
100232355010661	2	1866.177	999.146	2254.1274	2085.8594	2097.644933	1819.432389	1802.064136	808995.61	2651475.3	2563.690674	1584.926392	-127.040298
100232355010661	3	138.486	1707.393	926.6212	1351.2583	1511.5962	1525.418333	1532.717227	809027.28	2651420.44	2533.544922	1607.143555	22.733999
100232355010661	4	1722.608	3061.751	2355.3412	1665.5304	1688.5902	2048.3465	1900.121682	808963.93	2651420.44	3391.616211	2485.627686	-56.025398
100232436010661	1	1005.485	1986.13	3194.4876	2619.0467	2179.6938	1988.032444	1971.815455	822209.3	2653219.29	2762.58374	2014.491455	83.399597
100232436010661	3	54.086	2563.054	1802.406	1974.9729	1807.984667	1840.479167	2046.358955	822240.97	2653201	2731.588867	2039.235107	-10.9101
100232436010661	4	663.887	491.748	1971.9776	2279.6781	2081.883267	1957.295889	1892.912455	822177.62	2653201	2783.046387	2053.700195	-7.2879
100232530010661	1	1156.148	2777.19	1782.5442	1895.1438	1736.766733	1897.579667	2030.251955	790372.57	2644126.98	2934.44458	2077.311523	15.4089
100232530010661	2	656.761	2518.61	1709.5376	1855.3909	1704.588867	1730.4065	1730.599636	790372.57	2644163.56	3045.488281	2192.693115	32.310299
100232530010661	3	884.269	3471.405	2006.4584	1904.4777	1964.7278	1886.034111	1867.549545	790404.25	2644108.69	2787.362305	1967.426147	48.280602
100232649010661	1	40.814	2352.484	1523.664	1870.4386	2110.667067	2017.929278	2023.812591	807173.18	2644320.51	3074.296875	2276.973877	-0.5901
100232649010661	2	51.973	1732.737	2623.2024	2320.4776	2552.519933	2472.672222	2414.429773	807173.18	2644357.08	2921.02002	2227.098877	105.576401
100232649010661	3	389.398	2570.772	2091.28	1810.0108	1991.5978	1801.768722	1922.992727	807204.85	2644302.22	2980.837402	2227.411377	41.2981
100232690010661	1	2539.881	2016.065	2466.0756	1723.9277	1550.132067	1470.233667	1563.213227	821284.89	2643273.05	2787.736084	1983.570557	-21.376801
100232690010661	2	4137.541	769.355	2822.903	2275.1576	1944.6106	1740.244167	1720.520136	821284.89	2643309.63	2615.817627	1900.992554	19.740601
100232690010661	3	1810.206	700.973	1366.7458	1764.7606	1617.954333	1426.462778	1548.652409	821316.57	2643254.76	2728.30249	1943.098999	-36.041901
100232690010661	4	4702.567	13.404	869.4138	1076.1257	1106.737133	1394.168278	1379.801864	821253.22	2643254.76	2484.12793	1732.649414	-61.108002
100232789010661	1	2425.657	3854.31	2656.4566	2005.2754	1935.0684	1911.857056	1870.086091	789960.29	2631690.58	331.956207	-195.161896	104.348701
100232789010661	2	1645.564	3094.049	2656.4566	2005.2754	1935.0684	1892.692889	1870.086091	789960.29	2631727.15	326.639587	-264.145813	151.151093
100232789010661	4	1541.423	1830.223	2416.0234	2005.2754	1935.0684	1892.692889	1960.5945	789928.62	2631672.29	377.935699	-253.1633	181.192795
100232872010661	1	2602.014	620.198	1195.47	1368.2555	1324.8706	1514.056778	1561.386318	805844.67	2633312.71	3471.759766	2642.20752	-50.062599
100232872010661	2	3625.873	1113.695	1489.771	1432.2797	1597.0994	1772.378167	1731.992136	805844.67	2633349.28	3833.810303	2876.408203	73.356201
100232872010661	3	1254.457	2728.908	2107.3354	1820.0644	1833.213067	1725.902444	1680.682636	805876.35	2633294.42	3353.447754	2638.131104	46.057301
100232872010661	4	3077.643	189.986	923.9236	952.4405	1343.634733	1694.835944	1611.433227	805813	2633294.42	3564.417725	2655.19458	-94.573997
100232990010661	1	3337.472	299.96	1448.7174	1751.1057	2218.3474	1883.816667	1693.594364	784353.73	2666060.44	2463.378174	1541.59314	-47.700001
100232990010661	2	2644.57	2080.52	1055.1192	1501.7736	1609.847133	1807.926611	1724.744909	784353.73	2666097.02	2657.031006	1704.219727	-50.654202
100232990010661	3	1883.357	2405.369	2928.3908	2540.2712	2155.0982	1948.140333	1726.725909	784385.41	2666042.16	2314.054688	1434.411255	-14.5152
100232990010661	4	2870.896	2205.589	617.595	864.8881	968.255067	1040.240056	1144.899636	784322.05	2666042.16	2473.550049	1587.181152	59.575802
100233123010661	1	4181.234	71.839	704.5512	812.073	1040.778	1295.410111	1347.8915	812625.9	2670721.74	3148.20874	1604.368164	-276.444397
100233123010661	2	1200.223	2883.856	1420.1768	1581.0953	1606.865	1546.390389	1489.829727	812625.9	2670758.31	2765.590088	1466.867554	-240.872101
100233123010661	3	4695.906	2788.092	1470.0116	1431.1042	1976.521067	1876.172889	1781.036909	812657.57	2670703.45	2391.448975	1486.147217	-17.247299
100233123010661	4	1707.393	2190.317	729.4622	1178.5294	1281.354533	1214.7385	1413.628591	812594.22	2670703.45	2544.876221	1643.592041	9.1076
100233238010661	1	2869.96	974.587	1362.186	1181.8741	1288.764333	1287.667611	1388.163955	818265.08	2634426.36	2525.605957	1726.784058	13.5148
100233238010661	2	2469.962	1883.357	2186.3938	1998.6624	2071.621133	1913.9715	1718.675545	818265.08	2634462.94	2309.98291	1444.856689	17.4305
100233238010661	3	1073.144	1389.663	1963.9186	1690.3808	1915.148333	1953.866833	1901.803318	818296.75	2634408.08	2749.324463	1941.413452	29.7456
100233238010661	4	1127.768	394.877	873.6264	1060.4781	1371.850667	1529.566667	1532.716773	818233.4	2634408.08	2390.875	1448.659912	-187.664795
102443363010661	1	583.166	1252.66	667.5402	992.9525	1172.0636	1266.2745	1265.753864	824912.34	2647735.04	2672.830322	1342.426758	-470.603912
102443363010661	2	2029.711	1127.768	909.4758	1489.3279	1646.331867	1893.185722	1776.766182	824912.34	2647771.62	2386.573486	1501.633789	-144.060196
102443363010661	3	129.767	1842.267	1930.9036	2157.7057	1948.596533	2103.087778	2285.439591	824944.02	2647716.75	2703.999756	1956.426514	97.976196
102443363010661	4	512.941	332.724	1670.5044	1921.5441	2133.170867	1881.121333	1774.102227	824880.67	2647716.75	1570.960083	833.325317	133.900406
102443417010661	1	932.492	3138.654	1415.8338	1888.6667	1893.381067	1862.474722	1868.834091	821704.03	2685951.92	3203.853516	2410.421143	53.4594
102443417010661	2	3119.54	3676.483	1875.3588	1590.9307	1831.1364	1657.3575	1870.508591	821704.03	2685988.5	3167.056885	2351.916504	131.658905
102443417010661	3	1719.464	6052.928	2400.6646	2875.1064	2405.891067	2333.316889	2190.396091	821735.71	2685933.63	3260.170654	2534.628906	135.2509
102443417010661	4	2286.658	2828.862	1642.6982	1830.2378	1785.681	1988.358	1833.338727	821672.36	2685933.63	3178.815918	2408.795898	190.313095
102443420010661	1	2891.682	156.639	2029.1156	1801.8915	1600.341533	1494.369611	1575.845727	816139.59	2673648.99	2324.171387	1612.876343	138.385406
102443420010661	2	2660.727	5595.127	2011.59	1780.8513	1500.114467	1658.909278	1614.297273	816139.59	2673685.56	2390.160156	1588.761475	-42.0952
102443420010661	3	1948.655	644.204	1213.3738	1397.3956	1643.999533	1910.928778	1975.434136	816171.27	2673630.7	2294.618652	1540.864014	20.742599
102443429010661	1	7765.525	1590.49	923.3264	1093.3786	1626.549333	1497.645667	1554.189045	815384.27	2665571.16	2894.785889	2157.312744	113.205803
102443429010661	2	1778.42	436.752	1193.7014	1752.2101	1753.3124	1827.675444	1756.417182	815384.27	2665607.74	2775.886719	2171.733398	160.899704
102443429010661	3	1732.737	330.404	731.5876	1837.5436	1749.330133	1848.760222	1948.969909	815415.94	2665552.88	2922.908203	2226.141602	130.091904
102443429010661	4	4059.267	946.909	1074.6504	1304.3499	1416.852333	1360.052889	1612.827864	815352.59	2665552.88	2848.330811	2125.694824	135.697998
102443432010661	1	1210.742	1027.759	1607.4276	1508.4182	1455.9092	1568.019167	1419.703364	802377.54	2668724.02	1946.393311	776.682312	-471.810394
102443432010661	2	1675.777	3733.868	2467.3982	1879.1458	1901.799867	2009.211278	1834.448409	802377.54	2668760.6	2681.640381	1690.833252	-229.176804
102443432010661	3	2439.437	2861.076	1386.999	1279.4583	1305.591133	1212.531778	1274.122545	802409.22	2668705.73	2407.691162	1153.420654	-534.584229
102443432010661	4	902.727	1027.759	1226.6122	1478.6328	1649.547733	1656.160667	1477.629045	802345.86	2668705.73	2061.432129	643.790405	-717.412781
102443435010661	1	755.842	1564.395	2580.2146	2238.4832	1888.0692	1663.524	1553.208545	811741.59	2656396.78	2163.785156	1226.628052	-122.563301
102443435010661	2	1793.213	394.877	1304.2022	1255.4614	1601.584267	1445.394722	1547.007455	811741.59	2656433.36	2369.723389	1373.524536	-98.6399
102443435010661	3	1018.944	670.817	1043.8864	1482.915	1905.282733	1673.640722	1507.066909	811773.27	2656378.5	2166.868408	1306.454956	-28.192699
102443435010661	4	4108.934	823.824	1489.228	1785.0532	1942.366533	1704.602056	1735.160818	811709.91	2656378.5	1965.601929	1156.755859	47.169399
102443441010661	1	1256.073	940.446	1031.8876	1701.5333	1551.139867	1594.000389	1861.096227	821362.57	2630677.44	2819.924316	1788.147461	-275.985199
102443441010661	2	2369.098	502.749	1657.3718	1368.9066	1480.1572	1342.443667	1470.137455	821362.57	2630714.01	3141.289795	1735.497925	-565.631287
102443441010661	3	2352.484	1712.039	1061.33	1639.2716	1748.2986	1889.503167	1877.542364	821394.25	2630659.15	3089.338867	2263.474121	8.8176
102443441010661	4	1676.774	1672.637	778.3468	1047.6697	1604.8688	1956.740222	2084.248	821330.9	2630659.15	2579.653076	1764.379639	-177.801804
102443444010661	1	2524.247	760.061	1258.0104	1576.0731	1746.7736	1551.068389	1610.541318	797121.12	2645079.25	4371.59668	1287.112061	-1662.898682
102443444010661	2	144.909	760.061	1684.2816	1632.9596	1508.841333	1551.068389	1538.548909	797121.12	2645115.83	4298.521484	1008.656799	-1794.737793
102443447010661	1	2350.217	760.061	600.0876	878.3509	912.341733	1089.193222	1082.469136	808621.43	2633727.29	3418.563721	453.121887	-1319.387939
102443447010661	2	2133.995	760.061	1163.0334	915.1191	960.603	936.928333	1149.122364	808621.43	2633763.87	3562.40332	395.118591	-1428.620361
102443447010661	3	1883.599	760.061	1086.7124	878.3509	912.341733	1035.029778	1082.469136	808653.1	2633709	3419.506348	463.152496	-1443.30896
102443447010661	4	2677.118	1242.476	787.7616	955.0497	1008.482	1084.923111	1078.350364	808589.75	2633709	3459.643799	1246.561279	-754.496094
102443450010661	1	2654.041	156.68	1241.24	2374.7835	1920.303867	1788.692611	1712.975773	806698.32	2629655.41	3726.744385	2837.542725	74.360603
102443450010661	2	1276.691	1261.351	2055.0628	1726.6411	1624.208267	1501.339333	1463.137682	806698.32	2629691.98	4047.181885	3061.42627	3.9646
102443450010661	3	3000.696	2830.699	2442.7216	1545.5561	1781.800267	1784.086278	1664.723182	806730	2629637.12	3608.486328	2679.991455	8.6338
102443450010661	4	822.01	1520.034	1183.3314	1141.8452	1304.873	1234.862278	1610.2835	806666.65	2629637.12	3625.241455	2798.519287	87.618599
102443477010661	1	4644.261	556.449	1202.7608	1518.5732	1395.249	1570.105833	1369.938409	786837.95	2670135.19	2179.157471	1256.697998	-213.862595
102443477010661	2	1533.41	791.048	1449.8056	1103.734	1263.854133	1522.509556	1612.455227	786837.95	2670171.76	2068.821289	1137.863647	-184.134003
102443477010661	3	1028.493	4323.852	1563.6204	1234.7707	1265.8892	1387.361167	1434.096136	786869.63	2670116.9	2091.601562	1147.397827	-245.413803
102443477010661	4	1564.395	755.842	2326.3336	1790.1358	1517.679467	1384.051667	1255.703409	786806.28	2670116.9	2161.329834	1274.239624	-136.642593
102443480010661	1	1359.036	161.229	636.4054	1280.0211	1065.3952	1163.779222	1321.091545	802485.02	2661473.16	2187.647705	1367.974731	9.4498
102443480010661	2	6120.749	494.198	1279.7304	1137.8256	1044.8814	1219.074944	1517.829273	802485.02	2661509.73	2208.787109	1294.029541	-100.046997
102443480010661	3	2405.369	1883.357	2549.2514	2187.344	2051.3496	1828.868056	1671.301864	802516.69	2661454.87	2295.61084	1424.003662	-16.570299
102443480010661	4	1695.606	2565.273	1371.9008	1175.6985	1306.922333	1407.214444	1515.237455	802453.34	2661454.87	2176.260498	1262.619751	-71.185501
102443483010661	1	1766.199	28.918	967.4644	1352.2537	1525.179467	1871.964611	1716.465773	787799.04	2659994.6	2741.407959	1867.624023	-23.1493
102443483010661	2	366.439	1302.625	1526.757	1928.4768	1714.188	1764.356167	1907.109318	787799.04	2660031.17	2678.898438	1761.720947	-134.941605
102443483010661	3	2080.52	289.794	1097.3222	1438.8332	1526.7826	1545.459222	1883.472682	787830.71	2659976.31	2619.557617	1727.763428	-49.791302
102443483010661	4	1389.663	1073.144	1943.4984	1570.8864	1894.047067	1827.548444	1722.928818	787767.36	2659976.31	2764.075684	1928.186401	39.008701
102443492010661	1	761.869	583.166	1278.3814	966.7974	1099.648933	1292.539278	1579.538455	795771.18	2635834.93	2918.521484	1267.119873	-622.337585
102443492010661	2	619.839	2883.856	1447.4002	1278.1544	1518.3988	1823.939389	1693.368455	795771.18	2635871.5	2877.530518	1482.221924	-453.798492
102443492010661	3	230.51	583.166	1220.4422	1049.2505	1215.020867	1418.318833	1476.682182	795802.86	2635816.64	2865.957764	1410.239258	-555.161194
102443492010661	4	91.123	502.749	1612.1894	1572.5149	1417.939267	1286.133722	1361.035909	795739.5	2635816.64	3162.268066	1462.557983	-638.94043
102443495010661	1	1572.526	2031.24	1933.8992	1708.9128	1572.889133	1619.337556	1493.756636	781363.57	2634020.76	2273.39502	1479.178101	61.748199
102443495010661	2	1842.267	2446.407	1203.2146	1740.6792	1715.2034	1884.094944	1957.030682	781363.57	2634057.33	2738.786377	1938.403564	71.649101
102443495010661	3	731.348	2151.489	1230.9784	1442.1624	1347.527933	1324.295944	1326.089045	781395.24	2634002.47	2523.976807	1730.294556	90.456001
102443495010661	4	1864.398	3859.098	1696.7204	1627.0252	1648.1174	1841.046389	1784.951227	781331.89	2634002.47	2823.01709	2002.089111	77.450897
102444371010661	1	3054.952	1428.988	2268.0292	2125.685	2014.795867	1794.456778	1862.041364	799556.11	2652158.41	3293.1604	2062.192383	-236.162994
102444371010661	3	1526.081	1921.124	1672.7046	1802.9712	2074.827467	2015.870667	1958.282136	799587.78	2652140.12	2966.388428	2038.476562	-39.650501
102444371010661	4	958.986	1143.474	1534.7746	1410.7488	1475.817533	1441.288333	1442.781591	799524.43	2652140.12	3794.71582	1465.802246	-551.652527
102444374010661	1	1487.798	1850.006	1384.0352	1189.0613	1301.229133	1288.663278	1354.132227	785531.8	2651588.79	3760.614258	2724.545166	-176.730301
102444374010661	2	1291.941	3209.52	2529.6244	2301.0116	2014.094267	1925.507222	1908.453682	785531.8	2651625.37	3301.532715	2487.135498	-36.785
102444374010661	3	1295.433	1371.041	1161.0134	1464.8013	1399.453133	1586.638	1752.698909	785563.48	2651570.5	3654.96582	2694.388184	-112.413902
102444374010661	4	920.958	585.09	629.7278	736.3236	1082.331467	1185.488611	1211.563409	785500.13	2651570.5	3968.780518	3048.168701	30.067101
102444605010661	1	670.33	492.716	1755.2374	2128.7746	1688.555467	1600.831	1701.622591	811388.45	2647333.43	2197.865967	1164.839966	-251.400604
102444605010661	2	1585.307	1804.42	1743.5468	1310.476	1558.816933	1409.536611	1364.177091	811388.45	2647370.01	1987.375488	973.686401	-280.036987
102444605010661	3	2094.897	887.965	1512.567	1882.0033	1763.5024	1724.525444	1659.461318	811420.12	2647315.15	2993.327881	1727.96582	-154.668793
102444608010661	1	1285.229	1571.582	1697.0496	1575.8087	1633.619667	1839.615056	1558.439182	808987.71	2636966.47	3681.79126	2921.089355	144.018295
102444608010661	2	2464.39	1776.571	1052.5376	1133.7018	1160.023	1390.320944	1290.675136	808987.71	2637003.05	3778.591797	2995.908936	54.977901
102444608010661	3	809.262	2392.626	1239.9842	2080.3633	1941.2396	1875.883389	1843.125409	809019.38	2636948.19	3532.663574	2654.485352	5.0342
102444608010661	4	1758.791	1572.783	1239.0784	2186.3728	1861.8386	1746.802556	1616.262682	808956.03	2636948.19	3428.579102	2586.571777	46.319801
55314475010661	1	2054.268	2668.108	1222.661	1399.0497	1348.822867	1286.633056	1309.884636	817990.65	2682833.9	2213.80249	1132.877197	-316.098511
55314475010661	2	3536.985	556.449	1603.029	1645.8966	1642.7024	1443.4685	1320.142682	817990.65	2682870.48	2230.559082	1238.78186	-177.744507
55314475010661	3	3444.73	2003.544	783.4294	1151.7207	1447.0138	1727.807333	1479.573909	818022.33	2682815.61	2064.526611	1270.118774	-41.0728
55314475010661	4	791.048	1533.41	1652.8082	1163.6773	1213.308533	1463.816667	1554.474091	817958.98	2682815.61	2074.835693	1105.328369	-150.957993
55315043010661	1	3698.568	615.534	815.4676	1483.1501	1360.346867	1437.329	1588.897909	780747.63	2672625.88	3530.674561	2376.903076	-132.265793
55315043010661	2	1948.745	2007.499	1439.248	1788.6233	2013.2954	1864.484389	1762.914227	780747.63	2672662.46	3242.310791	2354.361084	104.8843
55315043010661	3	2503.762	1254.146	1907.0416	2242.0141	1925.4446	2026.662778	1990.755318	780779.3	2672607.6	3158.754639	2066.729492	-183.038696
55315043010661	4	1944.762	1227.936	2247.4548	1877.4092	1868.0986	1821.359611	2084.158045	780715.95	2672607.6	3427.081543	2499.674561	44.7906
55315790010661	1	3859.098	1864.398	1198.2756	1956.9597	1884.402	1888.955722	1639.800409	778616.03	2671425.21	2809.526123	2018.757324	91.335999
55315790010661	2	3304.926	1477.834	1416.394	1768.9121	1519.089	1621.766944	1617.8	778616.03	2671461.79	2901.078613	1998.997925	-1.3234
55315790010661	3	4722.28	330.404	1237.8426	1969.4648	1935.226867	1927.296667	2131.119227	778647.7	2671406.92	2997.945312	2165.09375	176.732407
55315790010661	4	1033.365	1864.398	973.5058	1376.9398	1872.915	1779.823056	1756.7265	778584.35	2671406.92	2841.968994	1995.232666	109.5849
55316543010661	1	818.15	1541.423	2390.0678	2204.8524	2068.119733	2082.224944	2051.311318	793111.55	2674868.02	668.874878	-57.301201	300.685608
55316543010661	2	2788.092	4695.906	2747.4438	1845.3977	1640.323733	1660.720944	1852.240773	793111.55	2674904.6	2392.772705	1435.633423	-12.1297
55316543010661	3	1830.223	1541.423	2390.0678	2204.8524	1936.752067	2022.733167	1960.802909	793143.23	2674849.73	666.843506	-261.107605	148.095596
55316543010661	4	968.501	2425.657	2390.0678	2204.8524	1936.752067	2022.733167	1874.383909	793079.88	2674849.73	674.952515	-195.557693	-67.998398
55317082010661	1	2668.108	2054.268	787.0882	1063.7579	1287.874533	1419.244778	1454.375545	789320.9	2666841.33	2253.220947	1157.127319	-362.338806
55317082010661	2	2861.076	191.955	1166.8756	1219.2378	1044.6536	1246.944	1293.937091	789320.9	2666877.91	2394.30835	1064.979248	-473.736694
55317082010661	3	1244.823	551.403	1049.7924	1392.6009	1375.0292	1346.0105	1235.117909	789352.58	2666823.04	2179.825928	996.806091	-432.368195
55317082010661	4	1730.748	2054.268	792.1344	1140.6686	1214.056133	1450.584167	1485.401364	789289.23	2666823.04	2265.816162	1094.395142	-332.469086
55317585010661	1	1666.068	302.636	2230.5988	1414.3443	1536.423133	1489.097833	1496.494955	799729.21	2670695.07	2229.994385	1370.560913	-20.7356
55317585010661	2	1672.637	289.794	1511.5728	1725.1685	1869.740133	1957.351944	1902.320682	799729.21	2670731.64	2603.562988	1708.862671	-108.112602
55317585010661	3	955.05	1695.606	1896.079	1992.5374	1499.238133	1606.555722	1571.935364	799760.88	2670676.78	2120.847412	1224.88855	-52.6548
55317585010661	4	795.991	3337.472	1862.9404	2311.6817	2125.523667	2074.721944	1843.624455	799697.53	2670676.78	2415.495605	1542.418213	-76.874603
55318163010661	3	1027.759	470.752	1644.0242	1374.663	1604.727267	1497.042778	1529.486455	810792.23	2677150.19	1900.200562	894.925903	-384.002197
55318352010661	2	191.955	2861.076	2188.8384	1510.7379	1413.062	1532.837167	1698.057136	807155.97	2674754.79	2339.368896	1064.301636	-427.804596
55318549010661	1	1294.075	1507.014	1917.4526	1344.723	1343.5854	1296.509944	1447.059682	818947.79	2677608.82	3913.170898	2920.508057	-5.0944
55318549010661	2	1526.5	1113.695	2025.8272	1985.3761	1732.481133	1666.963889	1618.769773	818947.79	2677645.4	3869.266846	2839.184814	20.076799
55318549010661	3	1478.546	911.276	1912.0548	1870.475	1880.741933	1813.328833	1740.442591	818979.46	2677590.53	3468.860352	2572.644287	-8.902
55318549010661	4	1645.041	926.106	1635.0126	1645.3021	1577.255667	1467.244	1625.126636	818916.11	2677590.53	3820.060303	2890.523438	-14.2154
55318934010661	1	18.827	1064.646	1235.1884	1207.0197	1451.894333	1374.553889	1394.812045	779405.27	2662049.96	3863.964355	2971.846924	-39.3866
55318934010661	2	1698.176	4135.511	1527.8378	1403.6812	1399.1258	1450.647389	1430.887318	779405.27	2662086.54	3802.693359	2919.302734	-50.2742
55318934010661	3	796.461	1064.646	1043.1408	1187.328	1197.036267	1165.314	1138.173682	779436.95	2662031.67	3872.252441	2997.160889	-8.4728
55319095010661	1	1373.086	1878.867	1214.8284	1582.0461	1473.397467	1457.594	1428.188045	787336	2656494.54	3799.867676	2854.6521	-102.557297
55319095010661	2	661.591	268.831	741.204	956.5702	890.236867	980.698611	1084.483545	787336	2656531.12	3919.264404	3029.500977	-30.625401
55319095010661	3	3644.834	2604.333	1700.5456	1295.2073	1747.7122	1757.505722	1813.075591	787367.68	2656476.25	3743.068848	2900.013184	31.974899
55319410010661	1	1986.13	1005.485	2533.5442	2430.5992	2077.1528	1861.541111	1927.240682	791356.45	2664152.61	2755.219238	2007.602051	84.429703
55319410010661	2	3314.326	1894.076	1443.925	1569.3664	1781.811067	1721.470167	1794.470045	791356.45	2664189.19	3037.989258	2063.29541	-141.470901
55319410010661	3	6508.806	365.59	1553.8664	1594.9808	1562.757333	1666.418667	1589.5565	791388.12	2664134.32	2634.939697	1862.865845	-44.689899
55319410010661	4	2777.19	1156.148	1458.3358	1733.0396	1987.6658	1931.048278	1956.568227	791324.77	2664134.32	2931.038574	2079.899414	11.7852
55320990010661	1	103.528	1087.76	1610.7238	1764.3695	1852.3166	1912.826222	1993.917955	794551.61	2662079.69	2553.951172	1465.764038	-76.984596
55320990010661	2	160.529	921.235	2498.3738	1536.8138	1725.733667	1767.386222	1832.482182	794551.61	2662116.26	2274.376221	1325.012085	-159.294296
55320990010661	3	150.302	3810.962	1630.161	1869.2375	1690.926533	1953.387389	1974.935909	794583.28	2662061.4	2660.211182	1460.203003	-191.430496
55320990010661	4	144.93	1127.768	1166.8856	1853.9649	1745.656133	1641.642778	1652.010864	794519.93	2662061.4	2445.229492	1426.217896	-125.887497
55321221010661	1	2633.38	3766.946	2198.8326	1801.0457	1522.7634	1604.215389	1607.879227	803395.88	2663858.54	3019.064941	2325.717285	112.5858
55321221010661	2	1041.79	2286.658	2587.884	2337.5981	2110.097467	1827.988722	1970.540227	803395.88	2663895.12	3214.401123	2386.209717	164.934692
55321221010661	3	2570.772	389.398	2022.75	1498.944	1479.881533	1522.633667	1801.473	803427.55	2663840.26	2949.826904	2212.413818	20.5103
55321221010661	4	1280.736	976.579	1863.4598	1473.5615	1924.3296	2021.075389	1948.785773	803364.2	2663840.26	3103.930908	2399.399658	116.998299
55321674010661	1	2375.693	479.543	1320.078	1311.5807	1335.8196	1393.058444	1352.575591	814536.96	2662879.64	3595.878906	2915.742676	212.133194
55321674010661	2	1510.068	1835.666	1214.6244	1390.6352	1276.413467	1276.558222	1424.349818	814536.96	2662916.21	3586.404541	2923.005615	160.773407
55321674010661	3	3139.485	3233.416	2180.6834	2281.8281	1775.538667	1665.816778	1616.000455	814568.63	2662861.35	4057.812012	3190.888672	155.173599
55321674010661	4	1305.968	964.502	1814.4894	1824.6707	1782.856533	2016.416667	2043.235545	814505.28	2662861.35	3113.291992	2412.05957	195.649994
55322164010661	1	3184.137	698.417	1224.1862	1710.6249	1556.697867	1442.246722	1417.747545	788573.92	2650117.08	3840.038086	2915.468018	20.8039
55322164010661	2	5420.147	1276.691	872.3596	910.7411	1061.153	1011.443278	931.443773	788573.92	2650153.66	4052.013184	3068.011963	-96.880302
55322164010661	3	3300.162	3573.093	1664.7376	1696.5576	1828.885733	1592.112111	1501.261591	788605.59	2650098.8	4054.906738	3125.292236	57.6278
55322164010661	4	2681.939	739.015	714.23	717.3286	874.134	810.1025	909.201909	788542.24	2650098.8	3967.275879	3008.967041	-73.3918
55322798010661	1	1850.006	536.411	1231.3344	1544.4817	1373.5106	1434.761611	1669.102636	785013.23	2653234.39	3761.631348	2791.099121	-103.699997
55322798010661	2	1219.75	268.831	498.3816	882.918	1198.908133	1393.349167	1325.850227	785013.23	2653270.96	3979.254639	3055.54248	-13.2615
55322798010661	3	1293.42	1686.51	1201.6166	1377.1848	1448.0296	1510.632056	1710.887273	785044.91	2653216.1	3793.645264	2765.368164	-5.0853
55322798010661	4	1507.014	1156.764	1595.6868	1651.3821	1550.2776	1511.898722	1411.361864	784981.56	2653216.1	3863.206299	2907.846191	-10.9602
55323343010661	1	1485.806	3188.767	2314.7466	2307.244	1856.6988	1811.205722	1801.963091	785547.89	2646201.85	3041.521484	2005.372192	-258.878113
55323343010661	2	1425.532	1309.281	1923.3264	1859.0138	1819.939267	1725.660667	1796.665727	785547.89	2646238.42	3022.134033	2145.671631	-76.8274
55323343010661	3	1865.211	168.261	2371.5152	2566.7986	2392.0022	2203.020389	2147.652909	785579.56	2646183.56	3289.600586	2521.624512	105.757797
55323343010661	4	1364.99	1428.988	3040.751	2106.9378	2024.741267	2007.424444	1775.741273	785516.21	2646183.56	3350.128662	1954.069946	-389.95639
55324015010661	1	494.729	2431.62	3454.0176	3124.6409	2256.855467	2205.259389	2185.576136	798564.55	2652277.9	2968.457275	2127.234619	83.206299
55324015010661	2	1885.742	2253.22	1704.4696	2471.9555	2111.287133	1949.271056	2210.086727	798564.55	2652314.47	2892.250977	2092.389404	61.067299
55324015010661	3	2922.947	2431.62	2304.7572	2131.8247	2350.232467	2195.401611	2001.982773	798596.23	2652259.61	3010.429443	2137.405762	88.734901
55324015010661	4	1882.321	2563.054	1910.5252	2531.3631	1979.936133	1792.176056	1800.033045	798532.88	2652259.61	2765.785889	2024.587646	59.495899
55324712010661	2	479.543	1044.314	1440.971	1322.8901	1441.788067	1349.186167	1355.894636	800084.68	2648192.48	3615.679932	2860.187256	177.363007
55324712010661	3	166.412	911.276	1727.2502	1889.2144	1632.803533	1468.586	1586.7255	800116.35	2648137.62	3486.307861	2612.671143	28.439301
55324712010661	4	432.554	483.124	688.7712	1001.2205	990.5658	962.06	1196.358318	800053	2648137.62	3850.967773	3025.056641	99.653297
55325324010661	2	142.514	224.875	1119.8996	1587.3342	1803.932133	1858.070056	1666.2865	809092.38	2655093.76	2451.165039	1655.462891	-33.761799
55325476010661	1	612.551	578.261	694.0464	1682.9053	1691.4494	1742.268611	1909.981955	813388.45	2651182.08	3295.750732	1961.576294	33.2159
55325476010661	2	939.064	578.261	2299.888	1791.5574	1729.276933	1740.258722	1749.753682	813388.45	2651218.65	3359.893066	1954.629517	-25.9268
55325476010661	3	809.207	578.261	643.7754	1396.6562	1549.551933	1453.176556	1490.108364	813420.13	2651163.79	3285.266357	1854.589722	10.7555
55325476010661	4	215.253	578.261	694.0464	1473.8687	1560.3356	1690.4475	1739.776455	813356.77	2651163.79	3300.818115	1921.66687	59.418499
55326314010661	4	1611.129	1886.134	1091.151	1608.4122	1698.037	1633.678333	1767.972045	826233.97	2651920.81	3498.876709	1904.550781	-731.851929
55326429010661	1	1744.023	1338.175	1671.1062	1221.3817	1371.540933	1279.3275	1201.994955	780393.84	2641134.97	2080.190674	1339.720947	94.513397
55326429010661	2	3927.355	693.497	1675.6046	1922.6073	1641.776867	1457.679667	1473.846182	780393.84	2641171.54	2000.576416	1257.99585	114.067802
55326429010661	3	1085.19	390.375	786.8082	998.0394	1475.3896	1417.008	1410.503773	780425.51	2641116.68	2176.074707	1365.738281	91.697403
55326429010661	4	1463.338	693.497	1767.2832	1937.2718	1847.470533	1847.421056	1758.8835	780362.16	2641116.68	1919.608643	1244.731689	84.6576
55327108010661	1	1076.636	2641.01	696.4566	989.1873	1187.574867	1383.625667	1320.319545	784073.6	2638462.06	2462.521729	1682.222168	77.580101
55327108010661	2	1058.579	3926.735	1635.4846	1569.4382	1261.434467	1524.397556	1590.306091	784073.6	2638498.63	2462.392822	1717.083252	147.161896
55327108010661	3	767.518	296.865	1614.823	1447.8972	1221.041867	1377.026111	1391.925182	784105.27	2638443.77	2450.141602	1693.634766	112.284798
55327108010661	4	291.456	1707.393	896.0272	1227.3531	1190.917733	1410.018389	1283.833682	784041.92	2638443.77	2519.586914	1653.809326	41.748001
55328030010661	1	940.446	3006.24	1601.3294	1585.1647	1907.092733	1836.450722	1845.437545	795605.14	2645831.56	2799.341797	1847.662598	-163.789597
55328030010661	2	289.794	1672.637	1526.0744	1313.8505	1617.121867	1842.939556	1995.7905	795605.14	2645868.14	2636.06665	1725.66333	-89.568398
55328030010661	3	2339.337	2531.534	1418.8464	2154.2213	2036.612267	1722.584889	1883.599818	795636.81	2645813.27	2465.848633	1649.606323	-126.723701
55328030010661	4	229.106	1830.672	2065.6662	1971.9377	1999.417	1877.183444	1786.979636	795573.46	2645813.27	2864.995605	1912.79834	-198.920197
55328364010661	1	330.404	1732.737	2487.2796	2377.0395	2198.412667	2338.914278	2409.6635	791658.59	2641772.33	2938.021484	2222.673096	138.168106
55328364010661	2	1035.546	423.402	1199.2456	1741.3531	1780.123133	1776.842611	1802.555273	791658.59	2641808.91	2847.520508	1972.828369	13.7768
55328364010661	3	168.261	1865.211	2710.9052	2736.4936	2405.0674	2398.931611	2270.799273	791690.26	2641754.05	3295.418701	2516.168457	108.649803
55328364010661	4	1760.154	3676.483	1977.4608	2070.597	1791.598867	1773.874278	1787.0785	791626.91	2641754.05	3151.626953	2382.572021	92.735497
55329166010661	1	2627.972	1290.493	2795.2902	2014.9087	2011.2564	1971.565111	1843.941227	797600.48	2641023.86	2522.608154	1901.709229	203.955704
55329166010661	2	2209.969	2163.699	2524.9364	2605.4818	2406.372667	2393.917	2278.537136	797600.48	2641060.43	2592.724121	1980.289551	246.096695
55329166010661	3	2258.241	1875.286	1299.08	1451.2353	1834.124067	1713.480611	1656.538045	797632.15	2641005.57	2238.562988	1571.84436	112.905899
55329166010661	4	1339.86	1333.527	1961.772	2203.4736	2107.199267	1978.893611	1991.684409	797568.8	2641005.57	2562.470459	1926.032593	157.094406
55329663010661	1	944.802	3780.618	2487.6518	2319.748	2086.0686	2136.563056	2075.046818	816862.98	2649446.53	3083.224121	2324.43042	127.375099
55329663010661	2	1206.124	1044.826	1947.4704	1658.6596	1756.882933	1882.854444	2039.312636	816862.98	2649483.11	3058.224365	2264.751953	41.322601
55329663010661	3	1177.887	2209.223	1942.5364	1851.6646	1876.084533	1749.440333	1686.690682	816894.66	2649428.24	3022.44165	2166.210693	-5.11
55329663010661	4	1295.673	3766.946	2483.2432	1782.1471	2079.533133	1909.230056	1947.233227	816831.31	2649428.24	3008.957764	2246.772461	103.501297
55329986010661	1	2646.879	265.85	2407.1436	2038.7255	2000.7562	1807.520389	1694.713818	811949.87	2646008.42	2898.107178	2042.667725	-79.039597
55329986010661	2	482.019	423.402	1694.564	1597.3326	1869.458867	1879.978833	1788.166909	811949.87	2646045	2871.780029	2012.767944	7.6778
55329986010661	3	700.973	931.781	2183.041	1996.3342	1729.953733	1840.649	1635.626409	811981.54	2645990.14	2762.823242	1939.233276	-64.923203
55329986010661	4	779.846	2110.701	1439.8796	1853.3981	1681.298667	1711.396556	1758.483727	811918.19	2645990.14	3034.375977	2201.694092	1.2791
55330436010661	1	764.384	363.9	1265.4006	1350.8571	1415.1318	1597.072056	1657.427818	811713.86	2640223.67	3715.997803	2853.296143	142.942398
55330436010661	2	203.217	270.366	1823.341	1520.8484	1562.108	1657.987667	1870.0455	811713.86	2640260.24	3511.2771	2315.73291	-41.7715
55330436010661	3	1019.006	1536.154	1871.8604	1967.1943	1903.018533	1856.670333	1749.437682	811745.54	2640205.38	3624.924561	2714.117432	63.974899
55330730010661	1	2240.938	156.68	1265.321	2016.5601	1722.8676	1700.067333	1692.781636	790449.31	2634420.09	3738.468506	2792.823486	55.262299
55330730010661	2	1227.936	1944.762	2214.0552	1880.47	1907.8942	2029.388722	2116.741045	790449.31	2634456.67	3411.365234	2521.425781	32.9375
55330730010661	3	3573.093	3300.162	1541.0374	1580.2105	1751.321	1807.9935	1769.725818	790480.99	2634401.8	4097.133789	3115.013184	56.153999
55330730010661	4	1261.351	1276.691	1362.8986	1197.0663	1450.703133	1686.3845	1646.415455	790417.63	2634401.8	4043.227295	3069.358398	44.236301
55331123010661	1	620.198	2392.626	1457.9764	1669.116	1661.059133	1711.455389	1723.256773	795585.51	2632832.41	3495.321533	2678.794434	-14.5948
55331123010661	2	156.68	2654.041	3358.314	2379.6706	2148.900867	1942.920778	1804.601682	795585.51	2632868.98	3716.188721	2832.114014	46.028198
55331123010661	3	1226.902	136.103	1081.0328	1811.919	2058.316	2146.477556	2071.049364	795617.19	2632814.12	3378.10376	2552.213623	35.616199
55331123010661	4	1686.51	536.411	1215.4012	1593.4834	1877.695933	1797.838667	1725.128682	795553.83	2632814.12	3752.790527	2788.065918	-26.494301
55331576010661	2	332.724	1696.412	1945.7086	2035.0509	1981.4918	1884.943	1888.750636	807068.25	2635359.9	1667.340942	928.126587	116.656403
55331576010661	3	303.409	1464.811	1777.0208	1727.7743	1524.0238	1500.980944	1624.868909	807099.92	2635305.04	2194.051514	1517.980957	107.085297
55331576010661	4	1949.289	3446.742	1952.961	2085.1453	2085.2404	1899.056778	1904.764909	807036.57	2635305.04	1902.05542	1405.71167	374.146515
55331961010661	1	174.122	181.498	1335.285	1617.0633	1555.952333	1626.792944	1756.191636	810340.28	2630741.67	3298.2229	2326.799072	-33.966801
55331961010661	3	270.366	203.217	1501.108	1613.1961	1676.3584	1578.337278	1490.343045	810371.95	2630723.38	3452.328369	2323.87207	-82.301399
55331961010661	4	136.103	2096.798	2418.0974	1949.3167	2078.2282	2103.574556	2296.746364	810308.6	2630723.38	3352.620361	2532.033203	17.5758
55332249010661	1	1547.34	1426.474	2144.3888	1937.574	1781.3164	1711.082	1687.407318	803313.75	2629096.59	3542.897705	2760.690918	-17.349501
55332249010661	2	2281.02	315.648	660.5268	1319.2603	1259.320133	1350.697167	1590.442682	803313.75	2629133.16	3442.013672	2653.406006	45.349499
55332249010661	3	2830.699	5129.201	2580.1506	1669.4461	1767.342933	1719.857667	1710.840591	803345.43	2629078.3	3582.872803	2703.000488	13.1836
55332249010661	4	2575.807	1199.386	2293.038	1980.2965	1680.939733	1646.590056	1563.774909	803282.08	2629078.3	3527.453125	2744.070312	25.9305
55332822010661	1	2728.908	4301.164	1998.271	1798.3328	1656.088667	1750.333611	1788.637545	814924.87	2629668.42	3383.769775	2617.201904	65.182503
55332822010661	2	312.321	1758.791	2235.0984	2198.6982	1946.949067	1798.7435	1814.970045	814924.87	2629705	3423.856201	2557.631592	39.666199
55332822010661	3	1284.487	1520.16	1705.3384	1609.0172	1899.463133	2004.792778	1968.192909	814956.55	2629650.13	3650.164795	2766.397949	-42.2756
55332822010661	4	315.648	2281.02	1276.1712	1670.4912	1495.162	1574.949778	1687.620636	814893.2	2629650.13	3418.089111	2661.646729	57.863701
55333132010661	1	422.309	1254.146	1945.5898	1854.1978	1887.6718	1865.905611	1867.510545	822788.77	2633809.89	3094.821289	2086.018799	-54.428398
55333132010661	2	281.256	1305.968	2019.4318	1927.1419	1851.170667	1971.574389	1922.903045	822788.77	2633846.47	3130.47998	2392.530762	185.533203
55333435010661	1	3094.049	2425.657	1682.2736	1454.6062	1614.291267	1743.219778	1722.871318	797831.97	2670764.36	117.183601	-103.269402	18.6509
55333435010661	2	3854.31	2425.657	1682.2736	1454.6062	1614.291267	1743.219778	1722.871318	797831.97	2670800.93	187.128403	-57.2691	-8.3117
55333435010661	3	2020.316	2425.657	1682.2736	1454.6062	1614.291267	1743.219778	1722.871318	797863.65	2670746.07	102.398102	-75.591698	6.6627
55333435010661	4	2483.385	2425.657	1682.2736	1454.6062	1614.291267	1743.219778	1722.871318	797800.3	2670746.07	140.424698	-89.573402	-3.8423
55334021010661	1	3476.05	2482.499	2647.898	2305.7039	2032.628533	1951.177333	1746.415182	816535.63	2669550.67	3179.036377	2232.152832	-80.411301
55334021010661	3	2110.701	779.846	1173.7086	1720.3126	1584.1812	1637.460167	1697.990318	816567.3	2669532.38	3031.917969	2208.415283	0.9327
55334357010661	1	946.909	4059.267	3051.18	2174.9726	1854.327733	1861.627667	1877.346	809808.3	2664031.2	2846.572021	2138.048828	135.387405
55334357010661	2	3836.815	2175.945	1514.2956	1649.524	1604.034067	1538.903611	1728.913864	809808.3	2664067.78	2679.597656	1933.7854	59.267601
55334357010661	3	964.502	1305.968	1620.7668	2122.2866	1805.620933	2035.387	2094.838727	809839.97	2664012.91	3102.237793	2422.426025	190.155197
55334357010661	4	2414.617	932.492	1217.9746	1440.0893	1841.926667	1891.573667	1923.366273	809776.62	2664012.91	3195.962891	2481.405029	23.4433
55334924010661	1	1546.926	937.014	1000.2388	1742.9187	1617.609267	1584.449111	1554.414045	823475.49	2667974.25	2238.181885	1515.380005	-39.540798
55334924010661	2	1395.718	1820.114	1511.429	1635.7515	1538.112933	1515.985056	1470.497409	823475.49	2668010.83	2516.45874	1806.472534	58.791199
55334924010661	3	4580.612	551.937	2102.6736	1962.3069	1928.580333	1929.880389	1938.274591	823507.17	2667955.97	2698.861816	2032.562134	166.8918
55334924010661	4	5595.127	2660.727	1431.287	1264.6257	1296.9016	1615.742667	1606.710409	823443.82	2667955.97	2367.72876	1598.80542	-31.8246
55335415010661	1	1293.536	958.986	1467.8646	1450.4117	1403.684333	1308.960667	1435.458273	817688.7	2668226.27	4144.88623	1355.385254	-563.422974
55335415010661	2	2295.129	3167.119	1366.4448	1596.3811	1673.8858	1596.624611	1684.229091	817688.7	2668262.85	3632.981689	1958.273804	-413.127594
55335415010661	3	1029.608	498.214	1238.2956	1403.6037	1561.564667	1624.269833	1495.369545	817720.38	2668207.98	3432.445801	2238.762695	-425.33609
55335415010661	4	3660.107	2657.655	2093.4834	1715.3693	1443.5222	1585.2575	1565.406227	817657.02	2668207.98	4263.880371	2286.17749	-636.705811
55336869010661	2	101.954	498.214	1383.0752	1406.3333	1245.719533	1156.7195	1566.220727	824813.93	2648421.1	3333.588135	2294.011719	-255.070297
55336869010661	3	658.932	2652.72	2026.3458	2223.6451	2209.163667	2035.6735	2019.944273	824845.61	2648366.23	3278.035889	2186.109131	-263.35849
55337034010661	1	661.719	390.375	1723.7576	1594.6111	1475.177467	1525.427778	1453.123636	821638.81	2636551.5	2171.432129	1408.761963	24.1304
55337034010661	2	85.474	202.262	1163.2664	1388.0422	1901.512133	1760.367	1675.879864	821638.81	2636588.08	2125.36084	1336.984985	-32.320801
55337034010661	3	358.357	2641.01	859.0344	946.0155	1352.8578	1300.622222	1296.148273	821670.48	2636533.21	2442.567383	1706.32605	16.969999
55337034010661	4	161.229	390.375	867.758	1442.1489	1440.053533	1534.955389	1619.71	821607.13	2636533.21	2158.317139	1370.782959	39.855801
55337381010661	1	1044.314	479.543	868.1434	1285.5737	1298.773267	1237.592444	1281.762682	796240.57	2632027.23	3641.870361	2845.80957	145.887497
55337381010661	2	2098.915	1409.85	1609.4846	1849.9856	1518.3428	1534.273	1530.333136	796240.57	2632063.81	3739.052734	2977.186279	131.266693
55337381010661	3	1197.047	822.01	822.3488	1265.2972	1694.310733	1784.304778	1873.955364	796272.25	2632008.94	3608.914307	2812.011719	73.710899
55337381010661	4	1955.376	1823.996	1227.4614	1400.6169	1918.892467	1852.948778	1741.757364	796208.89	2632008.94	3664.101318	2884.168945	79.152298
55338345010661	1	3167.119	2295.129	1160.759	1158.4202	1502.261933	1552.796167	1440.553091	794766.14	2654772.61	3708.891846	2125.955078	-454.611694
55338345010661	2	673.611	1886.134	1278.6546	1265.8601	1531.4182	1756.160667	1808.909227	794766.14	2654809.19	3592.885498	1787.292358	-641.83252
55338345010661	3	1547.681	471.722	1139.2148	1469.9918	1154.665133	1306.714111	1312.305682	794797.81	2654754.32	3787.516113	2274.643311	-437.188812
55338345010661	4	2657.655	2295.129	1374.0098	1512.5208	1376.3928	1636.891556	1630.082591	794734.46	2654754.32	3837.312256	2047.990479	-617.23938
55338801010661	1	911.276	1572.783	2084.6154	1732.7163	1987.327933	1810.302667	1818.607909	818654.08	2657501.92	3452.350586	2577.985107	34.571201
55338801010661	2	3209.52	1291.941	1836.1152	1796.8902	1761.949067	1676.529889	1622.074909	818654.08	2657538.5	3321.67334	2447.928711	-18.8834
55338801010661	3	2680.298	1703.197	2431.2956	1942.255	2044.0422	1932.488944	1883.928864	818685.76	2657483.63	3706.786865	2820.507812	12.076
55338801010661	4	1730.894	94.919	1574.5246	1397.77	1853.5652	1668.325778	1581.604182	818622.41	2657483.63	3261.798584	2427.858154	18.521601
55339480010661	1	52.465	391.475	672.4732	894.0338	1241.581	1305.245778	1527.925773	826611.94	2654208.92	2484.613281	1655.829712	14.6377
55339480010661	2	1340.555	2253.22	1615.8294	1634.0604	2025.716067	1921.384944	1879.216636	826611.94	2654245.5	2860.467529	2046.598755	47.559898
55339480010661	3	196.697	1951.886	1555.0384	1796.6416	2047.343067	1981.901111	1764.212182	826643.61	2654190.63	2690.27002	1866.861938	-9.6572
55339480010661	4	423.402	482.019	1697.8326	1757.1221	1944.397333	1928.544833	1843.292227	826580.26	2654190.63	2866.89502	1998.737793	28.7806
55339922010661	1	439.114	479.543	1141.5724	1345.8312	1470.7148	1530.718111	1525.998591	804068.23	2645543.28	3566.013184	2844.329834	152.646606
55339922010661	2	212.897	1689.424	2936.0192	2204.4972	2042.1974	2066.9475	1933.327773	804068.23	2645579.86	3655.056885	2844.321777	31.347799
55339922010661	3	1536.154	348.98	2169.584	2164.4729	1962.0704	1905.858389	1725.930955	804099.91	2645524.99	3597.252197	2738.248779	44.427799
55340233010661	1	1878.867	2247.979	1148.9368	1469.0608	1338.344533	1313.297889	1425.702136	785475.17	2658339.45	3830.878174	2869.649414	-81.769501
55340233010661	2	739.015	2681.939	1102.8148	892.526	1169.3598	1132.692389	1150.007409	785475.17	2658376.02	3950.33252	3014.758057	-80.447098
55340233010661	4	2052.86	1248.861	847.7362	1191.2084	1413.736933	1337.445444	1330.807182	785443.5	2658321.16	3886.614502	2912.981689	-70.872704
55340484010661	1	3528.434	404.823	1621.5628	1400.974	1477.136267	1329.544444	1378.958818	804740.32	2665855.67	3461.723633	2739.725586	133.694794
55340484010661	2	1302.847	1712.039	1586.5172	1733.0481	1853.844133	1915.174167	2007.248773	804740.32	2665892.24	3107.881348	2256.875	-24.528999
55340484010661	3	2392.626	620.198	616.3704	1351.5023	1557.541667	1632.7615	1550.810182	804772	2665837.38	3504.85791	2670.058594	11.7918
55340484010661	4	3773.093	2237.352	2450.9506	2246.084	2158.9328	2056.116556	1864.308	804708.64	2665837.38	3123.325684	2273.495605	-67.808998
55492064010661	1	1910.372	1696.412	2284.809	1821.8314	1953.7268	1836.002444	1663.156818	809876.5	2678834.98	1747.307251	1035.973877	-67.482101
55492064010661	2	2110.726	312.321	1802.617	2018.8577	1946.8698	2019.651778	1952.327727	809876.5	2678871.55	3413.310791	2540.226562	84.326302
55492064010661	3	1852.507	1696.412	2099.9528	1804.1	1885.299533	1713.562167	1823.904682	809908.18	2678816.69	1653.720703	1070.739868	-1.3292
55492064010661	4	1309.755	394.877	1114.5826	1242.9729	1528.542533	1582.712667	1573.629682	809844.83	2678816.69	2290.590332	1443.03186	-125.298203
55492864010661	1	4750.306	1490.442	1495.2568	1431.5288	1725.401667	1767.175111	1821.963455	824078.79	2679962.64	3319.737793	2534.1604	26.1285
55492864010661	2	3676.483	1760.154	1594.195	1878.9641	1663.8436	1667.411556	1699.972636	824078.79	2679999.21	3155.323975	2379.711426	96.503799
55492864010661	3	1279.262	909.937	860.5104	1521.9817	1703.135067	1730.905556	1512.125364	824110.47	2679944.35	3405.742432	2660.540039	120.514397
55492864010661	4	2426.481	1865.211	2259.2612	2158.3312	2111.162067	2034.913667	1987.593409	824047.11	2679944.35	3302.0271	2523.677002	88.369797
55494936010661	2	536.176	1596.835	1017.7264	929.5908	977.388667	913.019222	985.577818	784050.57	2668658.67	3850.480469	3052.408691	69.224701
55494936010661	3	1334.121	5129.201	2857.5302	2257.5578	1825.365867	1798.166	1763.276455	784082.25	2668603.8	3592.790283	2724.804199	-32.8438
55494936010661	4	585.09	920.958	722.1086	895.7563	1005.664533	1082.008444	1057.908273	784018.9	2668603.8	3951.081787	3030.849365	37.705299
55495159010661	1	551.403	2668.108	2289.4612	1636.3913	1573.697067	1626.287	1662.703227	792163.39	2671044.3	2181.992188	1145.924072	-387.185791
55495159010661	2	492.716	670.33	1961.5382	1704.742	1802.524133	1660.584	1779.823409	792163.39	2671080.88	2210.581299	1101.999878	-220.967697
55495159010661	3	556.449	4644.261	2062.67	1943.9502	1746.3656	1687.804278	1554.427364	792195.07	2671026.01	2195.593018	1255.197632	-207.611404
55495159010661	4	921.235	160.529	1650.4794	1685.1622	1740.224733	2000.440167	1881.946455	792131.72	2671026.01	2257.994385	1354.372803	-150.985397
55495374010661	1	866.206	13.404	1340.185	1942.608	1981.1622	1906.637778	1890.449	793189.11	2667705.51	2583.609131	1764.072021	-72.576797
55495374010661	2	365.59	769.355	2455.2548	2391.3555	1991.856133	1874.374833	1814.731864	793189.11	2667742.09	2624.674072	1821.576904	-25.680401
55495374010661	3	2399.149	142.514	1190.225	1419.0538	1459.990533	1247.965889	1390.219682	793220.78	2667687.22	2434.016113	1624.470337	-23.027399
55495374010661	4	2175.945	1073.144	1642.093	1589.5705	1521.801333	1598.922833	1569.039091	793157.43	2667687.22	2711.148682	1918.185547	28.898199
55495764010661	1	1214.744	73.511	1638.6546	1527.6901	1505.876067	1736.437444	1656.119409	802010.04	2674695.5	2340.341064	1251.756348	-236.156998
55495764010661	2	597.315	3003.546	1700.0458	1618.0132	1583.769867	1436.552611	1594.507	802010.04	2674732.08	2351.958496	1202.838013	-253.411606
55495764010661	3	1126.42	1324.916	2013.3976	1519.0296	1226.978333	1308.585389	1569.146091	802041.72	2674677.21	2099.248535	1051.510864	-285.690002
55495764010661	4	488.859	899.697	711.0962	1190.4181	986.3222	1071.727889	1088.538273	801978.37	2674677.21	2467.991211	1365.472656	-213.423004
55496648010661	1	73.511	1214.744	2274.2282	1418.8035	1823.426467	1673.681333	1616.421136	798387.39	2668807.91	2268.40918	1272.272949	-261.997711
55496648010661	2	494.198	6120.749	2460.7786	2252.1324	1806.969133	1662.662056	1741.963	798387.39	2668844.49	2228.549316	1288.995605	-135.434799
55496648010661	3	157.758	3006.24	2072.8882	1561.6183	1517.415267	1872.253389	1734.259864	798419.06	2668789.62	2742.075439	1812.796753	-99.191498
55497196010661	1	2446.407	1842.267	1750.7142	1385.0106	1674.9274	1845.671167	1971.961455	804570.75	2667337.96	2746.168457	1944.782227	70.966003
55497196010661	2	4326.481	981.401	1680.6214	1441.5768	1372.197	1470.758611	1326.099682	804570.75	2667374.54	2805.44458	1944.586426	-38.300999
55497196010661	3	2209.223	1177.887	1736.2692	1748.531	1789.6582	1692.143889	1705.417091	804602.42	2667319.68	3021.926758	2156.105957	-3.1575
55497196010661	4	691.942	1820.114	2019.792	1833.2897	1822.628667	1676.273944	1465.914545	804539.07	2667319.68	2531.006104	1805.929443	40.526901
55498090010661	1	3780.618	944.802	1969.385	1860.4962	1864.652733	1720.921889	1708.305636	807340.95	2668792.02	3060.177246	2297.947998	89.954803
55498090010661	2	2462.931	2563.054	1388.313	1696.4494	1457.117667	1541.525833	1737.977909	807340.95	2668828.6	2810.847412	2044.206177	40.160198
55498090010661	3	6052.928	1719.464	1533.9718	2304.4773	2056.092533	2011.877833	2045.618864	807372.63	2668773.73	3279.246826	2514.142822	149.649597
55498090010661	4	2369.71	1199.386	1610.1338	1564.7171	1822.902467	1785.035389	1742.999045	807309.27	2668773.73	3559.529297	2732.018311	97.212799
55499769010661	1	346.604	974.587	1295.7608	1368.1091	1278.351467	1481.966167	1512.539727	819562.94	2669559.66	2511.055908	1691.700562	-17.310801
55499769010661	2	981.401	4326.481	2079.2286	1802.2268	1598.955733	1667.962056	1633.082818	819562.94	2669596.23	2825.209473	1960.026855	-22.2397
55499769010661	3	937.014	1572.526	1310.0502	1420.0044	1739.665933	1745.944944	1777.774136	819594.62	2669541.37	2220.921387	1486.267456	27.243
55499769010661	4	371.528	2175.945	1785.4852	1748.8336	1540.150333	1565.307056	1634.475727	819531.27	2669541.37	2739.158203	1889.928345	49.667999
55500421010661	1	2604.333	3644.834	1788.2664	1767.079	1572.661733	1486.175444	1815.442727	778738.32	2657582.47	3737.86499	2910.797363	58.654999
55500421010661	2	320.651	190.967	712.251	1234.5998	1214.362	1259.612333	1280.720182	778738.32	2657619.05	3862.581299	3095.985352	156.316498
55500421010661	3	1064.646	1408.112	860.951	1126.153	1225.479333	1097.998556	1029.337955	778769.99	2657564.18	3859.826172	2995.108643	8.9152
55500421010661	4	1689.424	212.897	2640.7138	2009.5415	1880.007267	1801.820389	1854.340864	778706.64	2657564.18	3659.153076	2835.862061	11.3656
55500852010661	1	729.986	2569.436	2020.5882	1633.9872	1534.777667	1316.127278	1461.766227	787671.86	2664303.67	2515.374756	1758.154419	32.728699
55500852010661	2	2531.534	224.875	1553.3204	1886.6593	1856.8118	1837.411111	1802.082409	787671.86	2664340.24	2434.347656	1655.416748	-64.365196
55500852010661	3	3471.405	1535.026	1171.8388	1657.9373	1792.252067	1805.781	1788.540864	787703.54	2664285.38	2771.97583	1970.656372	40.406799
55501367010661	1	3951.961	3733.868	2701.066	2016.7522	1976.7398	1954.585611	1703.644818	789506.68	2657606.31	2692.99292	1627.078979	-152.219406
55501367010661	2	4323.852	1324.916	1053.021	1083.8242	1404.995333	1308.999222	1456.727182	789506.68	2657642.88	2101.337891	1113.832153	-289.940491
55501367010661	3	5871.378	1312.732	1775.739	1642.7949	1761.4452	1608.404889	1626.839318	789538.35	2657588.02	3216.99585	1955.718018	-244.758102
55501367010661	4	1254.146	3314.326	1834.3478	1558.4013	1760.164667	1607.070389	1768.973045	789475	2657588.02	3106.844727	2026.845459	-115.274597
55502446010661	1	1113.695	698.417	2146.9768	1689.9839	1897.4764	1922.696278	1771.832727	806767.37	2660276.13	3826.465576	2881.722656	34.743401
55502446010661	2	926.106	1645.041	1179.9102	1638.1354	1912.761	1867.619278	1781.533773	806767.37	2660312.7	3801.37207	2893.85376	0.9016
55502446010661	3	1333.228	3077.643	1693.4932	1554.0098	1433.350267	1529.413333	1584.791909	806799.05	2660257.84	3567.10498	2600.175537	-166.592606
55502446010661	4	1281.616	739.015	944.2938	921.5769	991.706333	1043.790778	1004.411455	806735.7	2660257.84	3929.728271	2981.340576	-72.871902
55504049010661	2	1688.752	1866.177	1819.7264	1810.4835	1970.982667	1795.7855	1797.096682	798781.93	2657514.82	2603.109863	1580.18335	-76.514397
55504049010661	3	708.396	4722.28	2618.0372	2110.0614	2228.7078	2046.954778	1910.128364	798813.6	2657459.96	3098.696289	2123.313232	171.025406
55504049010661	4	474.813	1526.081	1110.5114	1411.1377	1654.0524	1591.064111	1784.122227	798750.25	2657459.96	3074.315918	1930.723145	39.290298
55504693010661	1	1512.637	696.658	1033.5082	1504.9631	1900.929933	1683.901889	1593.020045	812983.1	2667225.81	2690.149414	1846.464844	-204.469406
55504693010661	2	491.748	663.887	2486.5146	2161.1302	1750.201733	1725.667556	1828.509545	812983.1	2667262.38	2810.040283	2057.855225	-7.3827
55504693010661	3	2055.717	1026.234	1068.4928	1745.9209	1827.210267	1752.151167	1747.441545	813014.78	2667207.52	2562.398193	1827.892944	116.278603
55504693010661	4	1302.625	157.758	1571.5946	1923.1011	1615.532333	1622.5465	1647.631955	812951.43	2667207.52	2697.982422	1805.221069	-103.843803
55505418010661	1	302.636	1666.068	2226.0002	1324.4013	1515.2456	1604.051111	1558.469136	812246.45	2661569.14	2218.471436	1366.969604	-23.1998
55505418010661	2	299.96	2205.589	2694.7666	2067.7102	1813.178933	1600.098611	1666.257727	812246.45	2661605.71	2456.175537	1551.973877	6.8179
55505418010661	3	1017.595	2352.812	1576.5432	1608.1855	1500.853933	1396.660389	1512.511182	812278.12	2661550.85	2203.96875	1539.784668	61.057899
55505418010661	4	974.587	2869.96	1568.852	1329.5627	1395.0914	1293.771722	1377.732045	812214.77	2661550.85	2532.763916	1705.467163	-1.3098
55506152010661	1	1590.49	51.973	2315.499	2071.7483	1899.889067	1978.778444	2113.053182	818884.37	2659540.68	2880.836182	2207.115234	106.565903
55506152010661	2	2007.499	1948.745	1431.32	1936.5459	1843.502667	1937.027833	1996.307318	818884.37	2659577.26	3253.060059	2359.082275	87.751602
55506152010661	3	192.914	1921.788	2294.7316	2231.8898	2037.633333	1956.062111	1967.518955	818916.05	2659522.39	3142.090576	2391.308105	66.3489
55506152010661	4	2134.983	1675.777	2460.8046	2265.7131	2157.406133	2038.8415	1906.309909	818852.7	2659522.39	2633.762451	1602.916748	-236.123306
55506981010661	1	1592.852	915.781	1567.1828	2305.687	1942.550133	1923.210389	2022.988545	781660.8	2654272.1	4067.525635	3225.376221	81.618797
55506981010661	2	904.074	3233.416	1910.9598	2305.687	2063.8652	2069.646889	1791.193273	781660.8	2654308.68	4063.313232	3212.619873	127.218399
55506981010661	3	2036.132	176.421	2239.7746	1933.6907	1821.879333	1990.910333	1842.683091	781692.48	2654253.81	4046.189697	3178.286621	41.2775
55506981010661	4	96.932	920.958	1162.7694	902.0584	994.215667	1206.178056	1210.425409	781629.13	2654253.81	3951.883301	3067.424805	40.328499
55507569010661	3	605.935	1020.569	1324.761	1521.9924	2119.164133	2050.0735	1990.017273	779455.42	2650176.03	3490.238281	1835.789917	-493.729797
55507886010661	1	1184.838	1247.069	1493.302	1292.3039	1386.125467	1395.483333	1498.246182	793121.08	2650824.23	3322.921143	2325.863037	-143.585007
55507886010661	2	3061.751	1722.608	1670.2162	1596.626	1828.840533	1766.726833	1782.734909	793121.08	2650860.81	3370.508789	2445.157959	-40.637199
55507886010661	3	1669.836	1722.608	2008.6724	2178.3614	1753.388333	1751.888833	1756.761409	793152.76	2650805.95	3421.797607	2441.745117	-7.8389
55507886010661	4	714.167	3259.403	1886.9032	1837.8873	1992.412933	1883.808778	1857.005045	793089.41	2650805.95	3244.004395	2281.836426	-65.755402
55508422010661	1	169.312	1166.33	1819.3414	1802.2919	1722.1824	2002.539944	1919.324364	798566.37	2649167.2	3377.289795	2659.730713	197.131805
55508422010661	2	3138.654	932.492	1331.3924	1766.078	1834.942933	1757.59	1810.668136	798566.37	2649203.78	3187.577148	2410.883301	67.844704
55508422010661	3	1767.006	909.937	1367.6358	1206.7668	1457.383067	1711.581389	1632.189955	798598.05	2649148.91	3439.261475	2624.680664	73.7957
55508422010661	4	1549.944	1632.006	1486.2272	1785.6677	1747.2758	1766.675278	1944.204091	798534.7	2649148.91	3421.231689	2556.259766	-41.3829
55509232010661	1	1906.672	1477.834	1635.5016	1943.2746	1724.231733	1610.550667	1551.553364	802875.68	2651664.11	2898.906738	2014.623413	-28.740101
55509232010661	2	2563.054	1882.321	1976.0734	1961.495	1650.060067	1840.171222	1760.505136	802875.68	2651700.69	2776.818848	2014.640747	45.2644
55509232010661	3	3096.799	478.17	1684.2408	1821.5424	1665.042067	1637.955833	1690.375409	802907.36	2651645.83	2831.7854	1906.982422	-40.570599
55509232010661	4	2792.043	265.85	2281.9772	2098.4273	1915.488267	1802.798278	1690.918045	802844.01	2651645.83	2903.862793	2044.10437	-20.5627
55510381010661	1	94.919	932.492	1951.6568	1827.6856	1808.691867	1991.798333	2005.375227	806898.51	2649841.89	3229.466797	2387.411865	48.909599
55510381010661	2	1589.897	1044.826	1821.775	1493.4349	1557.0316	1857.307278	1849.234318	806898.51	2649878.47	3092.300781	2211.221924	-6.3934
55510381010661	4	125.82	2862.401	1853.9544	1675.5157	1501.034067	1428.646944	1588.0785	806866.83	2649823.6	3365.415527	2400.392578	-90.338898
55511294010661	1	142.507	661.719	1954.4756	1580.3438	1530.1746	1600.591056	1445.779682	817199.41	2655459.37	2172.375488	1439.390503	16.4314
55511294010661	2	58.219	921.235	2124.7856	2000.7035	1772.1792	1697.025889	1597.198091	817199.41	2655495.95	2213.242432	1404.760864	-105.249397
55511294010661	3	233.873	693.497	1976.8604	2201.1369	2238.158467	2075.081611	1809.958818	817231.09	2655441.08	1935.577026	1273.228882	96.037697
55511294010661	4	13.404	4702.567	1951.9848	1863.2617	1644.768467	1561.243111	1602.400455	817167.74	2655441.08	2529.43042	1756.696411	-61.600498
55511910010661	1	696.658	1512.637	2670.4514	1892.5058	1617.1352	1589.043778	1452.080091	821850.59	2653037.53	2639.2146	1868.729492	-145.874405
55511910010661	2	2103.453	2801.303	2226.8854	1843.4567	1987.8436	1887.984389	1978.118182	821850.59	2653074.11	3148.48877	2318.61377	20.581499
55511910010661	3	931.781	700.973	1251.6364	1849.8711	1714.566533	1581.259333	1657.889909	821882.27	2653019.24	2762.362549	1907.747803	-37.7719
55511910010661	4	265.85	2792.043	2883.3494	2393.9304	2182.7858	1944.305111	1865.709	821818.92	2653019.24	2896.131592	2053.951416	-29.322001
55512616010661	1	1258.265	1581.416	1230.6672	1857.8253	1747.928733	1743.776944	1649.839682	787568.34	2643001.43	3782.122314	2873.365967	-14.753
55512616010661	2	1248.861	307.215	1788.3992	1608.4614	1373.870933	1433.482667	1377.308955	787568.34	2643038.01	3843.369141	2905.855225	-75.040802
55512616010661	3	857.511	2681.939	1168.2608	1546.4483	1352.650533	1242.408278	1228.219545	787600.02	2642983.14	3996.470703	2961.974121	-126.583
55512616010661	4	1072.538	536.411	1544.5706	1478.5006	1552.600133	1494.594278	1517.270636	787536.66	2642983.14	3795.768311	2827.392334	-53.637901
55513227010661	1	2282.625	644.204	1563.3516	1905.6283	1731.122	1967.195111	1951.718045	798823.41	2637968.17	2342.540283	1489.517578	50.534801
55513227010661	2	1418.702	160.529	572.8434	1045.5496	1533.5872	1490.022222	1428.489773	798823.41	2638004.74	2294.48291	1330.247559	-196.216003
55513227010661	3	2565.273	1695.606	2231.1072	1356.3337	1538.013667	1618.428944	1672.679455	798855.09	2637949.88	2157.184326	1283.105957	-85.584198
55513227010661	4	2205.589	299.96	1663.4008	1618.1686	1734.169667	1584.555889	1687.160818	798791.73	2637949.88	2424.38208	1587.998535	25.901199
55514329010661	1	2461.937	1463.338	1936.1798	1923.4056	2052.425267	1973.383056	1707.892818	799917.92	2643187.42	1855.472534	1177.965454	98.8964
55514329010661	2	1696.412	3181.257	1952.4572	1990.8449	1500.690067	1807.498222	1714.433455	799917.92	2643223.99	1747.113037	1021.436707	58.369301
55514329010661	3	2803.945	3181.257	1936.1798	1916.4116	1858.6426	2028.618556	1862.452682	799949.59	2643169.13	1786.907471	1152.051758	177.531006
55514329010661	4	1959.689	795.991	2433.8632	2064.1665	1902.072467	1918.116611	1754.087818	799886.24	2643169.13	2393.466553	1582.582397	-119.291702
55515730010661	1	1844.453	740.703	2235.7976	1902.7887	1940.0898	1810.2305	1832.038045	809130.91	2642065.63	3228.395264	2210.15332	-143.650894
55515730010661	2	2652.72	1702.518	905.0656	1170.7003	1405.074933	1409.495389	1430.837909	809130.91	2642102.21	3312.543457	2223.075439	-167.889099
55515730010661	3	1921.124	1526.081	1504.9564	1758.2367	2294.610533	2284.751833	2043.789364	809162.59	2642047.35	2965.018066	2075.525391	-62.084801
55515730010661	4	1037.266	2223.562	2048.8264	2059.4703	2175.863867	2056.264889	1992.026227	809099.24	2642047.35	3115.004395	2149.111328	-119.465302
55516650010661	1	2237.352	1302.847	2146.072	2260.2749	2124.6104	2034.587333	1911.615545	823770.89	2645060.19	3131.024902	2252.686768	-37.644901
55516650010661	2	1309.281	1425.532	1540.6378	1625.3671	1676.889467	1616.589778	1657.308455	823770.89	2645096.77	3032.359131	2188.014404	-51.137402
55516650010661	3	2696.679	1589.897	1227.0776	1595.3934	1645.951067	1656.535333	1811.151545	823802.57	2645041.9	3088.488281	2192.959229	-62.5714
55516650010661	4	1802.274	5879.257	1748.6196	1790.9186	1831.0774	1839.472556	1869.112727	823739.21	2645041.9	2843.479736	2041.297852	-13.2366
55517653010661	3	3956.151	2209.223	1386.8836	1559.6133	1600.185133	1640.334	1683.2985	804890.89	2636481.64	3000.276123	2162.097412	7.7148
55517653010661	4	3766.946	1295.673	1972.1194	1511.1626	1395.949867	1685.722278	1752.688	804827.54	2636481.64	3020.377197	2272.151367	111.842903
55518103010661	3	363.9	2654.041	1888.3832	1982.2586	1847.127933	2149.987944	1955.099727	813886.56	2636616.79	3761.373291	2825.25293	103.004799
55518776010661	1	999.146	3107.549	2557.6506	2067.3685	1951.161667	1775.223222	1822.893136	820736.14	2635095.15	2527.153076	1575.112183	-150.5755
55518776010661	2	2149.74	3733.868	1447.2934	1968.1077	1860.980267	1867.759278	1753.344864	820736.14	2635131.72	2729.082031	1725.561523	-150.291306
55518776010661	3	578.261	5871.378	2376.2164	1744.5232	1535.659133	1597.040333	1642.6275	820767.82	2635076.86	3231.975342	1943.598633	-132.350098
55518776010661	4	1535.026	3471.405	1793.7928	1767.897	2016.503	1916.313389	1747.752773	820704.46	2635076.86	2764.327637	1978.435059	38.535702
55519831010661	1	823.824	4108.934	2724.2474	1782.8115	1743.516533	1674.704444	1618.746591	824997.29	2632495.93	1969.717041	1169.077271	-44.039902
55519831010661	2	6424.234	1666.068	826.3932	808.4172	1001.3586	1012.516944	1034.358091	824997.29	2632532.51	2219.160156	1402.89624	-21.537201
55519831010661	3	2738.568	1749.572	1865.9728	1098.9103	1254.2546	1201.111722	1199.982545	825028.97	2632477.65	2081.138672	1455.443481	90.587196
55519831010661	4	1460.259	2600.691	2527.6888	2210.2173	1946.9796	1792.148833	1800.046682	824965.62	2632477.65	1887.473145	1167.310181	-54.308399
55520453010661	1	1854.969	1755.917	1809.5776	1867.5564	1946.076067	2040.324278	2017.437455	780481.27	2668509.19	4261.40918	3321.745117	100.949097
55520453010661	2	2089.696	4996.654	2969.2276	2271.772	1926.977933	1745.432889	1528.796182	780481.27	2668545.76	4006.335205	3124.536865	126.632599
55520453010661	3	1596.835	536.176	647.563	956.0122	924.307333	859.221444	951.741455	780512.94	2668490.9	3861.335205	3028.231201	58.1684
55520453010661	4	809.014	2784.432	1774.6232	1809.4136	2183.8684	2040.324278	1866.976818	780449.59	2668490.9	4154.977539	3350.951904	166.462799
55521817010661	1	269.95	3096.799	2452.4986	2331.8137	2180.9168	2116.371444	2175.761091	792547.55	2659576.87	2886.45459	1927.89624	-34.8512
55521817010661	2	804.48	3096.799	2293.4734	2183.4867	2056.899333	1902.278111	2037.277045	792547.55	2659613.44	2873.584229	1925.77063	-16.842199
55521817010661	3	28.918	1766.199	1314.9206	1525.9818	1445.210333	1684.083389	1836.864591	792579.23	2659558.58	2745.73291	1860.364746	-18.0137
55521817010661	4	1477.834	3304.926	1750.302	1600.7642	1930.871067	1836.527056	1732.331682	792515.88	2659558.58	2919.476074	1995.94043	-16.584999
55522403010661	1	73.458	150.302	1390.7534	1878.989	1846.657667	1759.149	1745.186909	801842.56	2658382.98	2669.908203	1437.120239	-103.798897
55522403010661	4	899.697	488.859	587.4888	847.9828	1081.4626	1289.582778	1239.578455	801810.88	2658364.69	2534.328613	1374.630493	-286.978394
55522586010661	1	2784.432	809.014	1109.712	1227.7173	1840.865533	1791.151167	1622.239773	818852.88	2663737.01	4191.418945	3369.320312	207.6185
55522586010661	2	3220.947	809.014	1493.0782	1227.7173	1760.1678	1791.151167	1622.239773	818852.88	2663773.58	4158.361328	3387.424072	237.8246
55522586010661	3	1686.488	394.867	991.6322	1132.1086	1019.421933	967.601278	955.037818	818884.56	2663718.72	3898.744141	2970.53418	33.188801
55522586010661	4	3233.416	3139.485	2161.8972	2272.435	1769.2766	1660.598389	1493.846091	818821.2	2663718.72	4043.060791	3204.115479	145.910507
55524797010661	1	169.977	1295.433	1492.0126	1503.4045	1666.245333	1841.309222	1789.179	787510.86	2650855.13	3647.967041	2697.348877	-93.191399
55524797010661	2	1371.041	1295.433	1415.9284	1587.5581	1565.385467	1858.926944	1808.642182	787510.86	2650891.71	3656.803223	2706.460938	-116.191399
55524797010661	3	1156.764	1507.014	1658.6396	1574.5136	1495.784133	1462.562	1378.917364	787542.54	2650836.85	3839.66748	2914.794922	-24.603399
55524797010661	4	1986.991	1199.107	1157.9064	1507.1752	2066.892667	1914.985444	1811.783682	787479.19	2650836.85	3700.072021	2759.302002	-63.2831
55525403010661	1	740.703	1844.453	2298.5976	2033.177	2151.285	2082.111778	2036.663273	785040.86	2647848.51	3235.849365	2153.491455	-115.770401
55525403010661	2	1220.333	714.167	2231.4662	1914.2826	1988.277533	1918.975944	1917.383364	785040.86	2647885.09	3255.60791	2242.644775	-54.805199
55525403010661	3	995.235	243.939	1785.369	1947.957	1850.872067	1991.913778	1796.125364	785072.54	2647830.23	2833.262939	2054.52002	102.791199
55525403010661	4	877.086	1702.518	1634.2152	1339.7935	1586.136733	1509.456389	1520.453136	785009.19	2647830.23	3377.281494	2183.450439	-220.498306
55525848010661	3	2223.562	3314.326	1796.0962	1846.3506	1989.107333	1906.503	2011.086318	808562.82	2641426.66	3046.233887	2131.187012	-143.965897
55526227010661	1	1624.224	1802.274	2112.394	1926.4208	1815.456667	1937.0465	1881.896045	784437.45	2632396.03	2842.40332	2022.527222	-44.414902
55526227010661	2	828.876	269.054	1927.6902	2162.0626	1911.899667	1990.646944	1935.294773	784437.45	2632432.6	2329.37207	1535.360352	-33.530499
55526227010661	3	1685.363	156.639	1988.3674	1497.2836	1711.0412	1669.075444	1552.412636	784469.13	2632377.74	2342.689209	1659.30188	143.1427
55526227010661	4	1894.076	3314.326	2082.125	1619.1705	1753.439467	1714.297889	2053.435591	784405.78	2632377.74	2997.763428	2058.11377	-112.161797
55527818010661	1	3003.546	597.315	672.5276	810.2264	1105.194133	1062.284056	981.226318	799518.38	2635183.86	2449.798584	1200.279663	-215.614594
55527818010661	2	3810.962	150.302	1502.1854	1580.7795	1726.775067	1793.844556	1691.410136	799518.38	2635220.44	2697.499512	1519.622681	-193.565094
55527818010661	3	2925.978	5875.451	2929.1718	1833.8249	1735.393267	1793.290389	1704.965364	799550.05	2635165.57	2884.112793	1800.174316	-27.768499
55527818010661	4	1784.712	6120.749	2401.6134	1744.7061	1681.941267	1641.812167	1770.988909	799486.7	2635165.57	2308.887207	1242.038574	-59.715599
55529265010661	1	1284.361	1258.265	1487.8986	2545.0513	2266.098933	2021.103722	1917.114136	824150.52	2663048.56	3741.621826	2880.56958	-44.610699
55529265010661	2	716.412	1581.416	1811.1324	1930.5794	1815.833	1861.444722	1735.415091	824150.52	2663085.14	3772.618408	2905.293701	4.3819
55529265010661	3	1094.081	7513.096	2759.7824	2476.5095	2248.9526	2156.383778	2081.926636	824182.19	2663030.28	3676.656494	2851.360352	-7.8175
55529265010661	4	1128.775	2464.39	2293.9294	1819.7758	1988.704133	1821.672	1685.735409	824118.84	2663030.28	3743.128174	2969.239014	13.5311
55530010010661	1	4242.502	1428.988	1507.494	1954.437	1775.372133	1707.144889	1759.34	797218.09	2631397.76	3261.981445	2111.823975	-397.643005
55530010010661	2	2285.655	2096.798	1282.0694	1626.8646	2043.226	2070.032056	1953.726045	797218.09	2631434.33	3388.034912	2509.611572	-7.384
55530010010661	3	3188.767	2503.762	2112.9444	1695.7032	1936.262333	2094.397944	2058.223727	797249.77	2631379.47	3105.623047	2116.487793	-249.913101
55530010010661	4	498.214	101.954	619.1808	1299.348	1260.0358	1243.1775	1358.205727	797186.42	2631379.47	3428.58667	2309.251465	-301.341095
55530903010661	1	746.371	583.166	1421.6304	1273.7631	1322.138333	1181.325778	1253.197409	805510.07	2676414.98	2574.818604	1263.759155	-435.787903
55530903010661	2	925.854	583.166	1393.1364	1403.7418	1160.7426	1139.274056	1233.316909	805510.07	2676451.56	2669.625	1144.920654	-449.245209
55530903010661	3	1252.66	583.166	1510.5142	1206.1902	1380.8642	1248.258333	1184.922091	805541.75	2676396.7	2665.258301	1234.133911	-404.107788
55530903010661	4	988.209	899.697	1034.3446	788.2925	748.346267	773.201667	1036.485818	805478.4	2676396.7	2550.375732	1273.184448	-255.623993
55531470010661	1	1464.811	1749.572	1472.2906	1251.5696	1408.98	1615.511056	1559.044136	813065.94	2679298.3	2188.725586	1474.85376	82.775398
55531470010661	2	394.877	1127.768	1281.0754	966.3756	1172.9856	1393.291944	1379.359955	813065.94	2679334.88	2353.544678	1419.194458	-159.569794
55531470010661	3	1745.667	1395.718	1706.3032	1364.5981	1528.779067	1490.372056	1684.468727	813097.61	2679280.01	2551.083252	1820.677734	76.459099
55531470010661	4	296.865	767.518	1157.114	1659.2897	1268.231667	1402.946167	1314.218318	813034.26	2679280.01	2479.022217	1714.875122	107.947998
55531785010661	1	2309.901	2098.915	1322.7832	947.1896	1036.613533	1139.708611	1226.6205	822285.27	2678843.05	3760.752197	3005.134277	189.160202
55531785010661	2	2274.485	1571.582	1768.2974	1548.9771	1474.5658	1493.533667	1572.382955	822285.27	2678879.62	3645.401611	2977.799072	173.302902
55531785010661	3	1466.114	404.823	1834.4774	1690.6201	1566.045067	1503.017444	1442.396273	822316.95	2678824.76	3480.62207	2816.5979	144.065201
55531785010661	4	1835.666	1285.229	1178.1472	1346.4434	1317.109333	1401.550611	1469.365	822253.6	2678824.76	3636.038574	2915.671387	139.968307
55532329010661	1	2526.039	4750.306	1940.1102	1920.1845	1925.504733	1917.507667	1879.155364	827785.44	2636575.22	3321.408691	2550.194092	20.7097
55532329010661	2	3526.213	714.167	1770.2902	2041.5081	1813.198067	1802.593167	1724.060909	827785.44	2636611.79	3211.05957	2285.437012	-32.2295
55532329010661	3	1921.788	1760.154	2377.549	1998.2308	1845.9628	1742.183389	1873.757818	827817.11	2636556.93	3151.136719	2369.033691	76.039803
55532329010661	4	2755.615	2711.169	1816.9048	1735.4003	1766.517133	1697.162222	1894.578682	827753.76	2636556.93	3167.083008	2436.591064	155.158005
89732397010661	1	5301.807	319.843	1130.5028	1535.9906	1569.7564	1585.006833	1517.288682	820038.25	2682805.52	2572.493164	1801.836182	171.762299
89732397010661	2	3926.735	1058.579	803.4852	1095.2734	1120.611467	1197.283333	1191.146545	820038.25	2682842.09	2459.892578	1738.606445	175.135101
89732397010661	3	5681.835	1986.13	2001.297	2093.0856	1827.448067	1819.138167	1715.939955	820069.92	2682787.23	2746.245361	2016.426758	122.758102
89732397010661	4	2027.387	157.758	1698.9624	1337.0293	1483.503133	1598.029889	1531.767182	820006.57	2682787.23	2740.011719	1819.998047	-69.082703
89732509010661	1	1755.917	1854.969	1808.0346	1882.5781	2000.085667	2085.332278	2054.262182	822052.98	2680782.18	4321.188965	3437.105713	66.403999
89732509010661	2	757.849	2784.432	1808.0346	1882.5781	2193.882867	2085.332278	2054.262182	822052.98	2680818.76	4327.655273	3505.155273	242.415695
89732509010661	3	190.967	320.651	553.9796	978.8929	1381.452733	1350.918389	1321.0275	822084.66	2680763.89	3852.605713	3072.816406	176.807495
89732509010661	4	1429.769	1854.969	1808.0346	1882.5781	2000.085667	2085.332278	2054.262182	822021.31	2680763.89	4417.17041	3542.925537	103.522202
89732597010661	1	307.215	4135.511	2241.8788	1648.0414	1519.276533	1590.402167	1443.660636	778909.74	2668060.75	3830.598389	2893.533203	-56.1189
89732597010661	2	2110.013	978.036	728.1066	589.0371	697.234067	800.517444	979.824545	778909.74	2668097.32	3905.273438	3065.112305	87.820503
89732597010661	3	536.411	1072.538	1591.534	1602.8686	1589.093667	1729.839833	1907.531773	778941.42	2668042.46	3774.052979	2799.230469	-66.882301
89732597010661	4	1199.107	1986.991	1803.8394	1584.2298	2063.787667	1942.249278	1790.229682	778878.07	2668042.46	3719.891602	2774.025879	-71.7976
89732677010661	1	1703.197	7513.096	2637.9592	2316.1728	1979.863467	2071.397389	1919.938727	783161.8	2668967.88	3685.702637	2829.086182	1.8734
89732677010661	2	1099.595	1986.991	1189.9014	1561.2241	1525.682067	1979.997833	1907.698909	783161.8	2669004.46	3691.647705	2739.301514	-19.4993
89732677010661	3	979.519	2604.333	1844.4646	1981.254	1740.9642	1760.314	1642.884273	783193.47	2668949.59	3723.364014	2924.80542	94.236
89732677010661	4	1776.571	1409.85	2250.4364	2021.5795	1833.6182	1779.585111	1666.073682	783130.12	2668949.59	3770.102783	2941.755127	74.644997
89732776010661	1	2948.362	345.3	928.5916	1044.6511	1294.756867	1189.345722	1334.893227	794820.38	2668803.51	1929.412354	1016.858887	-246.066498
89732776010661	2	3148.9	505.408	928.5916	1082.3473	1332.8874	1330.074722	1431.101364	794820.38	2668840.09	1890.293213	978.154602	-241.574097
89732776010661	3	2600.691	505.408	707.4628	1346.6385	1312.0752	1583.952944	1684.967364	794852.05	2668785.23	1904.682739	1097.863647	-142.181702
89732776010661	4	470.752	1027.759	1228.985	1057.7618	1253.7216	1200.259667	1299.283273	794788.7	2668785.23	1961.65564	942.99823	-371.126312
89732852010661	2	505.408	3148.9	1889.1552	1566.3514	1413.561333	1660.448444	1777.439727	799964.1	2673185.26	1897.507446	1005.172424	-190.389496
89732852010661	3	1324.916	1126.42	1723.095	1352.7872	1290.008067	1345.5405	1598.637727	799995.78	2673130.4	2075.655273	1079.840454	-324.532013
89732852010661	4	1804.42	1585.307	1306.6728	1640.7668	1385.347867	1440.4385	1463.991864	799932.43	2673130.4	2011.414795	1015.562073	-336.907715
89732939010661	1	402.523	2948.362	1998.4794	1704.8586	1711.9998	1615.806833	1519.442409	808786.59	2673212.99	1927.704956	1073.185547	-272.082703
89732939010661	2	251.866	1533.41	1686.529	1636.0796	1724.629333	1672.972889	1932.107227	808786.59	2673249.57	2098.371826	1174.342285	-193.6082
89732939010661	3	467.485	73.511	1194.476	1444.9091	1586.808933	1398.892667	1356.314773	808818.27	2673194.7	2313.857422	1292.871216	-358.602295
89732939010661	4	345.3	2948.362	2157.7336	1736.8882	1698.404133	1605.939389	1665.671227	808754.92	2673194.7	1957.149414	1026.880859	-202.402695
89733074010661	1	243.939	995.235	1935.6282	1862.2653	1970.239867	2033.652444	1818.127545	806834.27	2672043.58	2827.835205	2049.50708	100.956703
89733074010661	3	224.875	2531.534	1560.8018	1681.7289	2010.589067	1965.558833	1843.287091	806865.94	2672025.29	2441.741699	1649.695557	-56.828602
89733100010661	1	268.831	1219.75	1220.867	1008.3679	1309.532867	1229.698778	1272.409636	782557.74	2661019.82	3957.61792	3051.807373	-30.594
89733100010661	2	978.036	585.09	821.572	980.87	942.038	907.841722	940.010136	782557.74	2661056.4	3923.169434	3042.223389	46.306599
89733100010661	3	915.781	1592.852	1016.058	2041.6142	1923.7856	2023.202167	1988.733773	782589.42	2661001.53	4088.068848	3216.289795	46.832699
89733100010661	4	394.658	1698.176	1709.3054	1490.4784	1430.8178	1373.405833	1424.9075	782526.07	2661001.53	3811.430176	2938.611084	-74.187103
89733223010661	1	2641.01	1076.636	682.4032	631.5704	872.662867	759.185167	927.212045	790925.87	2661862.4	2438.546387	1703.493042	61.8013
89733223010661	2	2059.359	1104.304	1204.859	1279.2372	1145.147133	1230.621722	1299.412364	790925.87	2661898.98	2475.264893	1768.676514	83.8358
89733223010661	3	1574.984	86.272	900.546	1564.403	1639.169067	1738.919444	1623.029591	790957.55	2661844.11	2318.707031	1616.679077	32.637699
89733223010661	4	5992.412	156.639	1089.1514	1206.3154	1694.119867	1738.919444	1722.313	790894.19	2661844.11	2335.719482	1618.546265	74.786003
89733340010661	1	670.817	1018.944	565.389	1179.024	1220.5948	1825.413833	1666.289455	798566.66	2662184.7	2139.658691	1306.667847	1.337
89733340010661	3	390.375	661.719	681.9362	1642.8626	1451.508667	1515.231389	1443.533227	798598.33	2662166.41	2179.475586	1398.222778	52.760601
89733382010661	1	2317.084	887.965	1423.8472	1259.9978	1293.359267	1485.314333	1396.301318	810676.36	2664781.73	2923.811035	1800.540649	-99.659401
89733382010661	2	5875.451	269.95	1515.0754	1668.1258	1381.1596	1599.708833	1589.726773	810676.36	2664818.31	2882.306152	1866.697144	-54.697601
89733382010661	3	3733.868	2149.74	1686.7422	1721.7541	1776.656133	1650.698167	1719.997227	810708.04	2664763.45	2727.652344	1693.384644	-154.281799
89733382010661	4	2552.045	2149.74	1836.0324	1502.0651	1639.377733	1703.308	1656.268227	810644.69	2664763.45	2825.145508	1735.868042	-113.151901
89733540010661	4	2151.489	731.348	946.9502	1449.4283	1293.619333	1326.188722	1352.781	813638.84	2664000.34	2519.314697	1741.679443	84.097702
89733582010661	1	2501.267	2568.025	1310.833	2145.8235	1869.721	1798.819389	1751.674955	823015.76	2665742.3	2600.005615	1813.000244	11.0839
89733582010661	2	3006.24	157.758	1231.2512	1276.7701	1361.134867	1355.954278	1651.151727	823015.76	2665778.87	2760.036133	1824.061279	-116.588699
89733582010661	3	2801.303	2103.453	1321.1564	1493.943	1774.900733	1934.221889	1855.083545	823047.43	2665724.01	3117.17041	2332.575684	25.559099
89733582010661	4	1087.76	3107.549	2039.9694	2104.7377	1936.151667	1723.248389	1990.1885	822984.08	2665724.01	2478.847412	1554.780151	-109.628197
89733842010661	1	1267.87	1043.294	2654.7684	2079.0028	1818.543667	1637.936222	1606.459591	820121.61	2661721.92	2283.87207	1571.769409	86.965202
89733842010661	2	2352.812	1017.595	1094.4802	1466.1603	1380.562333	1325.645167	1600.001591	820121.61	2661758.5	2163.856201	1514.680298	63.0751
89733842010661	3	133.586	2641.01	985.9586	1273.8929	1349.616533	1379.591222	1621.375727	820153.28	2661703.63	2403.889893	1678.32605	65.5382
89733842010661	4	1104.304	2059.359	1247.6698	1304.6066	1523.723533	1469.204111	1385.003818	820089.93	2661703.63	2463.604004	1783.022095	96.699997
89733987010661	1	5300.636	312.321	1193.8156	1417.6049	1616.415333	1622.668833	1626.883636	780240.58	2652432.76	3452.105713	2542.131592	32.287601
89733987010661	4	2482.499	3476.05	2613.4332	2209.4614	1931.277667	1958.797722	1864.662682	780208.9	2652414.47	3180.561523	2244.917725	-104.0597
89734070010661	1	1632.006	312.321	1156.4146	1762.479	1923.096867	1826.481611	1837.664864	784149.68	2650396.13	3409.994873	2573.626709	8.144
89734070010661	2	1007.478	2862.401	1886.7228	1603.0391	1587.4656	1377.377944	1508.052409	784149.68	2650432.71	3342.177979	2395.092285	-30.844999
89734070010661	3	7513.096	1703.197	1475.9794	1668.4272	1852.889733	1801.221611	1720.721273	784181.36	2650377.84	3689.577637	2840.456055	2.4665
89734070010661	4	2828.862	281.256	1176.0348	1672.3813	1798.385667	1795.269556	1807.102773	784118	2650377.84	3156.139893	2382.986572	198.300095
89734228010661	1	2253.22	1340.555	1594.7042	1290.5035	1657.5154	1816.146778	1817.113091	793197.3	2656277.95	2861.868408	2072.993408	41.646801
89734228010661	2	1044.826	1206.124	1460.004	1451.8728	1465.297267	1703.6655	1931.463591	793197.3	2656314.53	3061.181885	2238.994873	15.1353
89734228010661	3	1712.039	1302.847	1656.062	1975.418	1901.118467	2060.151444	2101.362227	793228.97	2656259.67	3102.208984	2265.599854	-9.1914
89734228010661	4	1830.672	478.17	2179.7832	1614.5981	1893.205333	1888.183278	2079.884909	793165.62	2656259.67	2825.313721	1943.751465	-75.532501
89734392010661	1	1295.994	620.198	1594.288	2151.4686	1887.190067	1901.330778	1829.909864	789877.56	2647315.46	3488.962646	2701.060303	-46.2369
89734392010661	2	189.986	809.262	1900.3486	1973.2238	2054.713533	1968.859611	1851.066818	789877.56	2647352.03	3541.637451	2645.6604	-33.294201
89734392010661	3	698.417	3184.137	1605.1486	1722.4361	1885.135333	1715.944611	1639.662545	789909.23	2647297.17	3825.279541	2914.299561	14.2974
89734392010661	4	1900.581	1334.121	2015.0214	1863.2144	1831.934333	1829.503556	1686.150136	789845.88	2647297.17	3624.558838	2692.213379	-33.2789
89734495010661	2	1069.198	939.064	555.8584	990.6091	1434.133067	1351.968833	1264.081136	805848.61	2657068.21	3710.956787	1925.942627	152.205704
89734574010661	1	176.421	904.074	2181.1918	2578.1345	2037.135133	1901.675889	1865.854955	805733.22	2648179.46	4041.036621	3176.040283	96.250603
89734574010661	2	466.106	432.554	1078.314	1068.9859	1074.5588	1218.724889	1224.181	805733.22	2648216.03	3829.883545	3033.63501	89.450699
89734574010661	3	370.811	915.781	1804.3864	2135.8978	2251.1868	2423.813667	2135.797409	805764.9	2648161.17	4168.331055	3206.285156	75.267601
89734574010661	4	483.124	432.554	867.0584	1205.5696	1074.5588	1218.724889	1204.619273	805701.54	2648161.17	3845.890869	3011.610596	101.448402
89734825010661	1	1728.04	2300.149	1614.9078	1366.964	1682.077333	1723.536333	1679.763091	826262.03	2659166.3	2717.375244	1869.136841	-65.801399
89734825010661	2	2431.62	494.729	2261.433	2630.6186	2422.816867	2327.4405	2086.958545	826262.03	2659202.88	2977.99707	2115.484619	71.218399
89734825010661	3	1191.896	265.85	1782.471	2267.3518	2214.630933	2052.006333	2023.018227	826293.71	2659148.01	2918.815186	2094.156006	-40.065601
89734825010661	4	4301.164	2728.908	1879.622	1527.3837	1344.9526	1563.170389	1761.619682	826230.36	2659148.01	3384.955811	2584.625	85.628502
89734952010661	1	1166.33	169.312	1877.7166	1498.0051	1703.862667	1640.202444	1787.704909	822575.18	2649111.81	3375.97583	2628.429199	159.423492
89734952010661	2	1571.582	1285.229	1694.7628	1684.371	1594.900667	1758.126333	1693.912545	822575.18	2649148.39	3688.4021	2949.072021	175.187393
89734952010661	3	2212.744	3528.434	1369.589	1224.1294	1505.8216	1587.892167	1622.602864	822606.85	2649093.52	3419.101562	2734.279541	185.099701
89735034010661	1	1312.732	5871.378	2338.6706	2356.7783	2082.6974	1878.942611	1759.202045	789829.89	2638486.08	3141.039795	1921.653687	-222.052994
89735034010661	2	637.504	2094.897	2531.426	2283.6341	2346.095	2066.236722	1978.001045	789829.89	2638522.65	3057.924561	1826.217529	-196.058899
89735034010661	3	1168.237	2094.897	1554.2598	1596.2367	2215.1126	1962.724778	1918.164591	789861.56	2638467.79	3019.5625	1797.844727	-240.325302
89735034010661	4	872.187	1254.146	1851.8654	2112.4645	1606.807	1911.0205	1940.108091	789798.21	2638467.79	3049.888184	1900.650269	-129.962906
89735312010661	1	1696.856	2570.772	2772.9004	2151.1776	2270.7914	2085.823056	2054.337591	810183.12	2645075.43	2889.632568	2178.640381	40.800999
89735312010661	2	2016.065	2539.881	2075.8816	1588.7676	1614.911667	1569.934944	1780.179409	810183.12	2645112.01	2789.374023	1981.832153	-41.705399
89735312010661	3	2300.149	1728.04	2352.711	1603.3906	1453.625267	1680.744056	1558.468682	810214.8	2645057.14	2679.649658	1842.431885	-64.4655
89735312010661	4	1333.527	3994.907	1941.4422	2250.5342	1973.222	2013.773722	2071.1515	810151.45	2645057.14	2577.156982	1878.652344	142.240799
89735523010661	1	1026.234	2055.717	2101.1556	2044.4865	2176.965333	2071.320222	2016.711091	785583.36	2631213.51	2587.113037	1849.93457	96.831001
89735523010661	2	319.843	5301.807	2013.7474	1824.8844	1861.298	1794.981667	1845.200273	785583.36	2631250.08	2564.70459	1791.925171	136.1297
89735523010661	3	391.475	52.465	646.4376	870.3377	1174.688933	1286.411889	1514.222227	785615.03	2631195.22	2475.946045	1649.443481	10.8208
89735523010661	4	86.272	2205.589	3553.4522	2252.9703	1762.695333	1759.191056	1661.95	785551.68	2631195.22	2379.413574	1619.66687	24.127399
89735601010661	1	1242.476	91.123	1505.2444	1219.9335	1362.1434	1223.182944	1174.892636	782528.06	2627588.42	3317.289795	1514.893677	-767.279175
89735601010661	2	1269.506	673.611	1159.4756	1242.0467	1727.286333	1917.2315	2013.055318	782528.06	2627625	3417.067383	1712.252808	-685.10498
89735601010661	3	1702.518	2652.72	1332.2102	1070.9586	1212.173067	1209.935722	1444.060318	782559.73	2627570.13	3362.056885	2206.116699	-156.286499
89735601010661	4	1143.474	1886.134	1561.3956	1268.5009	1544.992067	1603.163444	1888.5505	782496.38	2627570.13	3639.046631	1603.169189	-836.330383
89735722010661	2	478.17	1830.672	2101.0606	2083.4053	1983.372133	1945.297833	1774.370636	817258.24	2639624.22	2834.874756	1931.581909	-67.794098
89735722010661	4	181.498	1247.069	1323.0188	1342.6676	1775.416	1765.562889	1847.970591	817226.56	2639569.36	3282.187256	2319.459717	-67.664597
89735778010661	1	2802.842	1026.234	2395.7468	1693.9819	1746.504733	1652.5065	1726.794409	816220.6	2635151.66	2569.699707	1865.248779	43.455502
89735778010661	2	1820.114	691.942	1426.2676	1517.7692	1509.7498	1387.050611	1181.335182	816220.6	2635188.24	2529.441895	1794.094849	44.102001
89735778010661	3	2569.436	729.986	1549.393	1639.2369	1435.344533	1496.538667	1453.620045	816252.28	2635133.37	2508.662842	1782.16626	25.915199
89735778010661	4	2163.699	3994.907	2535.457	2628.7201	2376.263733	2400.741556	2313.811227	816188.93	2635133.37	2636.655029	1953.2771	181.022598
89736031010661	3	760.061	1883.599	2057.481	1338.7766	1349.600867	1298.843778	1272.483136	810421.98	2633039.05	3478.58374	978.844604	-1343.244629
89736031010661	4	2581.931	513.031	1165.2934	1344.3893	1297.024533	1325.573056	1305.780682	810358.63	2633039.05	3910.950195	2626.339111	-269.648987
89736094010661	1	838.252	1295.433	1186.7272	1491.8262	1543.8214	1446.345111	1757.015864	819201.19	2632965.1	3654.720947	2658.534912	-114.697502
89736094010661	2	976.579	1280.736	1924.2912	1866.4157	1944.606733	1885.815889	1927.379455	819201.19	2633001.68	3119.73877	2402.297852	121.882202
89736094010661	3	1247.069	181.498	1102.8056	1387.6371	1861.434333	1912.037667	1826.916591	819232.86	2632946.81	3275.636963	2331.802002	-98.538399
89736094010661	4	967.233	94.919	1293.2032	1585.5815	1702.216667	1764.319278	1917.627727	819169.51	2632946.81	3210.075684	2372.963867	-34.449902
89736265010661	3	769.355	365.59	2741.9802	2338.1156	2121.5494	2021.162	1887.240182	815948.67	2632710.83	2634.59082	1843.287842	6.3193
89736516010661	1	5879.257	1802.274	1395.2278	1545.6825	1511.161933	1614.649889	1619.845045	820696.72	2658150	2857.743652	2055.423096	-34.4021
89736516010661	2	3259.403	714.167	1630.2892	1583.3637	1761.489533	1787.525333	1790.854273	820696.72	2658186.58	3226.90332	2296.458496	-99.260002
89736516010661	3	1960.644	2518.61	1660.1532	1837.8746	1717.684533	1731.893556	1677.226818	820728.39	2658131.71	3010.967773	2196.558594	61.191601
89736516010661	4	3107.549	999.146	1650.4218	1902.7588	1743.642867	1657.027222	1732.982455	820665.04	2658131.71	2488.764893	1576.58374	-155.655594
89736858010661	1	693.497	1463.338	2439.0874	2247.2218	2054.103867	1933.141389	1773.128045	818490.5	2655777.32	1934.176147	1246.834229	101.950798
89736858010661	2	2003.544	3444.73	2651.9786	1591.5657	1626.6508	1493.401556	1400.754	818490.5	2655813.9	2021.556152	1245.187744	-16.685801
89736858010661	3	1338.175	1744.023	2163.0662	1791.6149	1418.309267	1538.758833	1499.037955	818522.17	2655759.03	2016.173584	1335.061157	69.401901
89736858010661	4	1361.682	1085.19	932.3796	1286.3811	1434.743533	1424.950833	1382.535045	818458.82	2655759.03	2221.60376	1348.898804	61.0126
89736967010661	1	1020.569	605.935	1241.8342	2173.2266	2229.9924	2026.9085	1754.706364	791440.72	2668912.09	3465.313477	1783.136475	-480.313904
89736967010661	2	502.749	2369.098	1830.6874	1201.8125	1045.820667	1306.051333	1335.014409	791440.72	2668948.67	3249.801758	1610.918335	-539.651123
89736967010661	3	2242.247	327.509	1096.844	1369.0669	1427.008467	1629.754611	1541.597955	791472.39	2668893.8	2957.950195	1709.105103	-377.133301
89736967010661	4	1886.134	673.611	1060.731	1562.502	1460.588467	1687.562667	1997.973364	791409.04	2668893.8	3614.101562	1784.991821	-699.53717
89737049010661	1	39.47	4181.234	1778.2158	1485.9308	1630.317267	1581.561167	1756.931455	795833.24	2663428.09	3212.804688	1640.436157	-135.121094
89737049010661	2	71.839	4181.234	2064.8238	1416.4281	1744.819267	1686.930111	1675.0385	795833.24	2663464.66	3205.632324	1583.464233	-212.266098
89737049010661	3	148.313	4181.234	1893.1452	1624.3511	1710.4574	1707.6625	1824.330182	795864.91	2663409.8	3070.613281	1489.353516	-244.946304
89737172010661	1	143.631	1436.861	1415.9594	1593.9438	1517.8582	1657.976111	1597.840227	806731.16	2663028.37	3465.343994	2665.220215	85.670998
89737172010661	2	2096.798	136.103	1273.4076	1801.1192	1886.249867	2129.220611	2095.642318	806731.16	2663064.94	3362.738281	2505.433594	28.013
89737172010661	3	909.937	1767.006	1674.3688	1869.59	1557.531	1589.694389	1776.883045	806762.84	2663010.08	3425.941162	2641.184082	87.262199
89737172010661	4	2587.272	404.823	1787.8428	1879.4328	1732.968267	1824.561167	1784.411409	806699.49	2663010.08	3489.148682	2755.703613	94.664902
89737269010661	1	551.937	4580.612	2676.7658	2555.5338	2530.7342	2324.692833	2159.928	797113.34	2656111.08	2701.070801	1996.159546	141.133194
89737269010661	2	644.204	1181.411	1456.9722	2050.502	2213.688533	2103.255944	1983.207682	797113.34	2656147.66	2344.866943	1538.85791	29.5096
89737269010661	3	1068.311	946.909	3228.1222	2117.7005	2014.7034	2153.582722	2261.054136	797145.02	2656092.79	2853.778809	2150.671387	189.328598
89737269010661	4	436.752	1926.045	1941.1752	2828.9638	2640.800333	2567.248722	2427.337818	797081.66	2656092.79	2810.277344	2099.468262	161.812103
89737446010661	1	357.571	838.252	1745.2134	1748.179	1631.685533	1777.142556	1706.388909	794167.88	2645311.82	3630.237793	2616.585938	-57.205799
89737446010661	2	1642.773	348.98	1049.2368	1601.8223	1975.4888	1761.394778	1750.788227	794167.88	2645348.39	3661.074219	2741.087646	57.9944
89737446010661	4	471.686	2240.938	1305.2982	1709.7422	1931.155667	1777.179611	1711.802818	794136.2	2645293.53	3712.403809	2751.773193	43.734001
89737538010661	1	1409.85	979.519	1748.9134	1949.9658	1948.5082	1752.269667	1714.780909	801818.27	2628023.79	3759.901611	2934.619385	117.771202
89737538010661	2	1199.386	2587.272	2035.4946	2316.8711	1988.707533	1840.2775	1717.002364	801818.27	2628060.36	3520.048096	2738.234619	71.660103
89737538010661	3	4996.654	2089.696	1908.6184	1890.2902	1663.0802	1523.617222	1365.097545	801849.95	2628005.5	3976.454834	3156.17041	151.583206
89737538010661	4	1823.996	1955.376	2093.8582	1710.5146	1952.993733	1896.740667	1794.251091	801786.6	2628005.5	3692.424805	2904.687256	74.475899
89737728010661	1	790.16	1104.304	1844.9792	1615.8414	1361.618133	1337.891722	1381.613227	812195.3	2654414.29	2414.720215	1782.958862	145.833893
89737728010661	2	1290.493	2627.972	1820.5486	1694.3749	1974.6542	2066.138444	2005.612227	812195.3	2654450.87	2495.044434	1883.07019	142.092102
89737728010661	3	917.193	319.843	1400.8128	1868.5366	1534.702467	1537.488111	1580.840227	812226.97	2654396	2530.080078	1777.719971	118.4618
89737728010661	4	156.639	2891.682	2682.4622	1757.7908	1760.413067	1984.387167	1957.795273	812163.62	2654396	2321.218506	1632.554321	110.366997
89737871010661	1	1520.16	686.183	1251.2726	1426.5846	1490.199333	1813.866167	1730.240273	793283.48	2637332.31	3663.035156	2768.523682	-60.284599
89737871010661	2	1439.221	518.637	1175.0836	1233.4175	1405.397533	1348.952889	1404.003636	793283.48	2637368.89	3935.566895	2837.858643	-189.883698
89737871010661	3	2739.614	169.977	1115.0568	1099.0111	1495.4918	1790.100833	1701.641591	793315.15	2637314.03	3668.536377	2678.665771	-81.036301
89737871010661	4	2898.567	1478.546	1541.152	1686.5242	1515.577933	1520.068722	1602.601773	793251.8	2637314.03	3535.892822	2556.245605	-58.7724
89737987010661	1	1428.988	3054.952	2039.6924	2395.8448	2027.505733	1842.366444	1763.800545	816231.78	2674433.38	3351.94751	2057.199219	-314.302887
89737987010661	3	615.534	125.82	1668.2686	1419.1551	1223.7906	1313.165167	1449.145318	816263.45	2674415.1	3425.864502	2388.204102	-140.936707
89737987010661	4	2862.401	125.82	1227.0502	1260.7837	1315.501133	1505.930056	1370.553636	816200.1	2674415.1	3392.077881	2373.601074	-49.095901
89738116010661	1	3994.907	1333.527	2553.373	1966.9121	1687.529533	1792.762222	1957.978773	814206.31	2646565.45	2601.824951	1887.13623	183.503601
89738116010661	2	1075.919	2059.359	1291.979	1375.496	1241.725733	1291.464833	1400.4795	814206.31	2646602.03	2449.9729	1758.419312	65.0271
89738116010661	3	1926.045	436.752	1918.8582	2109.6971	2053.275933	2165.195889	2283.8655	814237.99	2646547.16	2787.237793	2087.381104	121.635201
89738116010661	4	977.092	1073.144	2073.6498	1878.4708	1772.881733	1722.077722	1889.953	814174.64	2646547.16	2730.306396	1963.264771	40.883301
89738242010661	1	182.306	899.697	1328.87	1225.5432	1029.5114	1284.556667	1297.2805	789185.78	2641721.03	2643.273926	1410.766602	-320.079895
89738242010661	2	327.509	2242.247	2375.826	2202.5068	2070.4166	1964.965222	1840.735091	789185.78	2641757.6	2878.594971	1629.932983	-256.122192
89738242010661	3	2883.856	1200.223	1583.2618	1510.0368	1544.786133	1556.079444	1420.4495	789217.45	2641702.74	2759.883545	1470.443481	-299.813507
89738242010661	4	887.965	2317.084	2211.6482	1961.2935	1848.011133	1695.170944	1943.206955	789154.1	2641702.74	2938.844238	1785.268799	-146.864304
89738415010661	1	3446.742	1744.023	2166.6622	1377.7096	1215.870733	1227.356444	1273.000409	798365.1	2671053.92	2051.802979	1373.064941	195.247498
89738415010661	2	2018.646	1464.811	1605.5116	1208.7575	1266.168133	1276.728333	1584.875227	798365.1	2671090.49	2196.939453	1464.149658	110.987
89738415010661	3	1749.572	1464.811	930.7828	1023.7634	1206.397533	1563.193	1560.007409	798396.77	2671035.63	2175.344482	1451.03186	95.946602
89738415010661	4	3181.257	1696.412	2145.0346	1878.3925	1923.672933	1816.790056	1825.186	798333.42	2671035.63	1774.494385	1109.167358	70.568298
89738530010661	1	2031.24	2258.241	1283.9282	1514.1579	1678.6416	1827.981056	1627.833773	805153.45	2651195.1	2248.350586	1525.248657	96.672203
89738530010661	2	1875.286	2258.241	1373.1522	1689.7164	1880.967267	1827.981056	1666.765	805153.45	2651231.68	2244.903809	1528.890259	137.748001
89738530010661	3	1043.294	1267.87	2422.2764	2058.9838	1657.209533	1616.652222	1814.190591	805185.12	2651176.81	2300.889404	1552.405396	77.266998
89738643010661	1	1490.442	4750.306	2147.2296	1877.3697	1963.776267	2013.391111	2001.756682	819117.74	2648394.65	3323.434814	2531.299805	29.896799
89738643010661	2	2346.813	2801.303	1802.0186	1857.4335	1972.384333	1912.436278	2047.859591	819117.74	2648431.23	3102.727051	2316.843262	-9.4694
89738643010661	3	404.823	2587.272	2043.6134	1872.7782	1524.586	1528.220778	1742.915773	819149.42	2648376.36	3477.428955	2773.92749	124.739502
89738643010661	4	1520.034	822.01	1022.4028	1359.0163	1539.440133	1691.860222	1671.0445	819086.07	2648376.36	3605.849609	2783.978516	82.286201
89738746010661	1	2485.426	1910.372	1260.9912	1868.9574	1744.235867	1644.468222	1702.176	801322.08	2641260.23	1656.404053	881.38562	-66.481903
89738746010661	2	1985.453	512.941	1260.9912	1711.6642	1555.2956	1499.813111	1690.694364	801322.08	2641296.8	1552.144043	752.116516	-155.928406
89738746010661	3	2190.317	1707.393	691.7052	764.4926	1058.427333	1054.673444	1334.324409	801353.76	2641241.94	2542.970215	1662.378418	0.4837
89738746010661	4	4387.43	1866.177	1149.4824	1129.0756	1077.5828	1272.234389	1588.746136	801290.41	2641241.94	2543.719971	1623.87561	-67.333397
