nei1	nei2	nei3	nei4	nei5	nei6	nei7	nei8	nei9	nei10	nei11	nei12	nei13	nei14	nei15	nei16	nei17	nei18
470	160	60	75	282	67	426	628	76	279	56	322	150	63	109	419	54	590
290	87	538	421	107	139	379	110	292	108	289	408	443	157	106	407	159	539
628	470	60	419	75	282	76	422	160	380	590	150	536	54	63	663	56	336
265	17	642	360	513	514	27	9	328	311	310	632	14	557	479	303	463	295
623	626	315	260	266	635	625	325	398	666	317	262	352	206	249	578	135	263
507	358	207	569	571	327	510	448	493	16	134	294	26	531	29	634	516	359
417	314	371	643	313	416	192	312	167	533	509	163	19	462	196	171	170	20
312	416	170	509	19	533	314	20	168	418	462	166	196	415	477	511	369	167
642	265	463	514	460	512	461	644	128	4	566	328	27	603	252	21	513	14
192	171	530	313	371	194	329	129	29	169	531	458	390	163	167	359	417	100
484	285	299	141	297	647	287	467	257	370	243	593	392	406	428	288	645	648
602	126	193	603	461	128	643	644	512	460	511	463	170	9	418	21	252	8
141	484	370	647	299	285	257	645	243	603	631	287	53	406	128	297	33	648
261	328	311	101	259	262	27	566	244	4	135	635	317	352	564	265	28	249
136	301	264	398	555	553	320	263	575	206	251	165	260	625	246	266	144	623
493	507	6	358	294	569	207	571	577	494	327	634	134	510	448	133	516	515
311	632	244	667	4	102	295	261	28	633	265	360	310	101	328	514	352	513
415	478	369	172	166	477	368	565	168	357	189	462	418	509	250	303	51	196
312	509	418	170	416	166	8	168	415	462	369	533	196	511	314	477	565	478
509	168	166	462	416	369	533	415	196	312	565	478	189	8	314	368	418	477
511	512	477	193	252	418	463	170	557	513	479	303	415	642	265	9	360	312
307	111	452	337	572	413	45	356	64	585	240	114	175	652	276	504	607	120
38	610	560	235	241	274	237	42	405	236	436	91	435	347	203	349	40	183
500	604	184	268	229	324	277	188	73	385	558	71	397	499	182	70	234	142
30	545	491	348	598	597	280	587	377	607	599	361	335	588	640	544	62	44
359	169	448	458	327	569	167	571	207	134	531	189	171	565	196	510	462	329
259	328	14	4	265	261	262	566	311	642	9	17	101	563	460	249	360	514
667	295	102	352	635	311	262	17	626	309	14	259	244	666	4	261	495	632
458	531	359	448	169	329	171	327	510	390	129	207	571	167	10	569	530	163
25	545	491	587	377	598	348	607	588	597	280	640	335	361	544	599	121	501
438	372	671	611	548	224	177	386	158	54	364	61	670	529	362	353	160	208
61	221	670	305	589	57	671	353	380	382	422	336	208	218	54	62	372	529
393	482	394	399	302	624	127	258	406	246	556	144	555	648	251	664	323	553
173	204	401	503	145	441	122	363	39	350	345	652	528	120	466	68	148	651
401	204	43	376	441	584	652	350	363	45	173	64	39	434	469	240	346	354
376	350	434	401	43	204	469	608	584	441	559	306	363	239	39	354	227	173
176	403	574	414	202	124	559	573	429	400	306	146	453	239	201	608	434	308
23	241	274	610	236	560	347	435	405	235	42	432	203	91	40	237	183	561
363	441	114	401	64	345	122	652	120	204	173	34	227	145	43	354	350	148
91	561	560	316	235	665	405	431	547	274	318	241	412	23	349	38	433	432
79	226	383	77	583	237	183	610	436	201	275	147	203	80	573	629	23	181
183	610	274	23	237	241	38	435	560	235	236	436	347	583	203	226	79	201
584	354	346	441	363	240	227	469	39	36	401	64	562	376	35	434	413	595
607	597	175	276	307	545	335	587	337	25	22	30	491	585	356	348	68	586
240	413	22	64	337	584	346	111	652	572	114	452	307	441	363	354	35	356
410	353	382	62	208	362	291	529	361	599	334	224	305	589	670	671	336	61
270	272	269	271	151	152	149	669	69	668	253	321	424	319	660	81	161	518
269	270	272	271	151	152	149	669	69	668	253	321	424	319	660	81	161	425
151	270	269	272	149	271	152	669	69	668	253	321	424	319	660	81	161	425
249	563	564	317	165	135	206	399	260	645	301	555	15	136	266	398	553	264
368	189	565	164	369	166	516	18	437	196	478	415	172	357	634	462	99	20
263	266	575	625	260	251	136	398	325	555	15	497	264	258	323	664	576	301
564	631	370	603	566	460	328	128	563	135	644	461	249	645	101	261	14	317
380	160	548	75	336	422	60	3	426	529	282	208	611	671	362	32	177	589
113	223	158	334	112	378	335	439	542	670	364	382	545	372	410	671	585	61
109	63	150	419	60	119	443	470	157	1	3	322	279	76	355	379	628	86
422	380	32	589	305	221	218	336	61	590	551	208	670	220	534	291	75	3
621	622	620	132	581	618	580	654	617	656	90	579	582	116	540	366	89	440
655	474	179	653	454	386	364	654	82	116	542	455	372	31	177	439	438	66
150	3	1	470	419	628	160	56	380	54	63	75	109	422	282	76	67	180
670	32	221	305	382	353	589	671	62	208	57	218	336	291	361	121	372	529
382	361	353	599	670	544	598	121	221	410	305	348	61	46	291	589	280	535
56	109	419	119	150	76	60	355	628	470	3	443	279	157	1	663	379	661
114	652	363	441	345	120	337	39	356	45	276	22	413	43	401	68	173	346
490	67	180	341	322	86	160	1	426	420	548	611	333	178	60	150	54	470
487	485	653	486	117	655	455	116	488	59	115	179	341	474	83	386	473	454
65	160	426	490	1	180	548	322	611	60	470	54	75	86	3	150	282	438
120	276	345	627	652	173	503	337	64	34	441	114	356	363	39	204	281	600
253	668	424	321	669	319	660	425	423	521	445	519	518	88	217	527	442	612
397	404	385	304	499	229	324	278	384	142	606	24	604	500	412	182	184	547
324	229	499	182	604	558	268	142	385	184	24	500	234	397	384	188	404	277
351	199	228	326	664	323	497	500	278	575	258	576	624	251	24	182	304	397
558	500	182	268	188	24	277	604	324	229	184	142	397	499	385	384	234	351
641	471	537	549	663	232	536	662	661	551	590	628	220	419	422	381	119	254
282	336	160	3	590	422	426	529	470	362	1	54	380	208	628	60	536	548
628	663	470	549	419	119	3	536	279	661	355	63	381	1	537	282	232	56
383	275	41	583	226	202	201	629	573	630	559	203	466	183	147	528	651	42
630	275	629	651	383	466	528	281	503	41	583	145	226	202	34	559	204	350
226	41	383	237	42	583	147	436	183	610	275	629	201	203	573	181	23	202
275	630	629	651	466	528	383	202	559	583	306	145	41	350	201	226	148	122
161	520	131	523	518	155	517	524	522	340	521	527	365	330	105	519	156	137
542	439	386	364	112	92	158	223	375	378	89	474	55	344	31	543	546	113
154	162	485	153	526	156	330	486	339	137	155	487	338	473	342	66	488	130
161	520	155	523	131	162	522	154	340	518	330	517	156	524	365	527	137	153
106	110	421	159	108	138	343	332	103	525	139	104	2	130	290	538	178	140
490	180	322	150	56	65	109	178	333	420	67	60	63	476	341	1	408	157
538	290	110	421	2	107	379	108	157	292	159	139	443	615	106	289	539	343
442	217	612	613	423	215	445	409	139	614	159	660	519	214	425	140	538	290
222	225	375	439	654	543	546	82	656	542	618	344	112	581	540	378	132	504
617	618	118	592	58	616	591	200	581	391	116	580	621	579	366	622	654	197
561	40	560	316	235	405	665	431	547	274	412	241	23	318	38	349	433	432
158	334	112	223	411	410	82	113	375	378	46	439	55	542	335	224	585	175
601	283	594	96	125	97	98	95	619	298	300	591	213	592	286	391	616	118
601	96	97	95	283	594	98	125	619	591	298	592	213	300	118	286	616	391
601	94	115	591	118	594	93	125	486	117	283	617	592	487	66	116	83	154
601	94	93	591	594	115	118	125	283	117	592	486	617	619	298	487	116	66
601	94	115	591	93	118	594	125	117	486	283	592	617	487	66	116	83	619
591	118	594	125	617	592	115	619	298	616	90	391	601	117	213	58	622	621
250	437	245	303	242	637	357	172	296	557	513	310	515	633	360	18	479	478
248	194	129	191	247	530	190	390	329	10	389	192	531	171	313	447	568	29
261	566	14	328	244	311	135	564	17	631	632	317	27	262	4	514	259	644
667	295	17	28	632	293	310	311	244	360	352	296	4	309	250	633	513	205
332	138	85	343	130	342	525	108	178	421	420	333	110	331	338	137	159	365
140	525	365	340	85	130	331	522	527	159	519	332	442	524	138	517	139	137
365	525	340	140	522	130	331	137	332	85	330	523	138	524	527	153	156	131
85	421	108	110	343	332	138	159	87	2	178	333	290	525	139	538	408	420
292	379	289	157	539	443	615	407	87	538	290	216	2	659	408	355	489	421
343	421	106	87	85	333	178	138	379	408	2	157	332	290	476	159	538	103
56	63	443	157	379	150	119	419	355	279	322	60	470	86	1	408	76	407
421	87	85	106	159	343	538	290	2	139	138	379	157	476	332	103	178	333
452	22	413	572	307	504	356	45	585	337	240	64	344	402	346	546	175	378
378	439	223	542	344	158	546	55	504	585	92	375	334	411	82	572	335	364
223	55	334	158	410	335	382	545	670	62	353	378	61	607	671	585	30	25
64	345	120	363	39	356	652	441	337	413	22	45	43	276	401	68	346	452
66	486	487	485	655	653	59	622	617	591	618	654	488	455	90	83	58	179
655	59	654	66	618	653	622	474	487	179	58	386	89	82	485	364	90	542
66	655	487	653	59	486	485	618	654	622	474	179	90	455	617	386	58	488
617	591	90	592	98	58	622	618	621	616	654	391	655	66	594	620	298	581
661	355	63	419	76	663	489	381	658	662	549	56	109	628	254	659	232	279
345	652	114	64	68	356	337	363	441	276	39	173	34	401	204	503	627	22
544	492	640	535	361	62	598	218	552	280	650	599	219	220	588	221	348	534
145	148	528	350	39	401	466	34	204	306	308	173	363	227	441	239	559	503
646	288	366	143	467	464	440	481	428	593	427	483	200	579	367	430	287	210
429	403	453	400	414	574	37	176	238	472	146	239	608	469	434	198	174	308
594	283	298	619	98	616	592	391	591	284	213	617	300	118	297	200	621	90
193	461	512	12	463	511	603	644	460	9	21	170	642	252	418	514	265	195
302	323	393	664	258	497	304	624	33	482	556	406	278	251	326	394	246	399
461	460	603	644	9	566	642	463	631	53	265	328	514	512	27	101	4	370
329	390	194	531	530	10	248	171	29	100	510	458	192	448	169	313	191	359
331	137	332	103	105	138	525	365	153	156	342	330	85	104	340	339	106	522
523	517	527	520	518	524	521	340	522	161	365	519	140	105	104	525	155	331
656	581	540	580	543	654	475	582	541	89	618	222	225	58	620	579	546	450
577	496	515	637	494	242	296	294	634	293	205	186	357	185	516	99	493	172
516	480	569	26	571	294	448	634	207	327	359	357	515	565	478	172	189	169
317	564	249	206	261	101	563	50	14	262	260	328	53	165	623	566	635	259
15	301	264	555	398	553	263	575	320	251	206	260	625	246	165	266	144	52
153	156	130	330	331	365	105	340	522	342	103	332	339	525	162	155	338	526
332	103	343	85	106	108	342	178	130	420	333	110	338	421	476	331	339	525
613	159	290	538	2	421	87	110	85	106	614	442	214	108	292	107	215	88
104	525	105	365	340	527	331	85	159	442	130	519	522	106	524	103	517	332
647	257	243	648	406	394	33	645	393	13	484	392	556	370	399	482	165	593
384	404	182	71	70	397	324	229	499	385	304	73	500	24	558	412	604	268
367	483	430	174	464	468	366	123	267	579	440	197	427	472	288	433	198	273
246	553	264	320	482	624	251	394	301	555	258	15	136	165	575	399	33	664
122	528	466	34	204	173	401	350	39	503	306	651	363	441	308	559	227	345
453	400	239	308	403	227	414	434	469	608	306	451	450	124	37	176	354	238
226	203	201	79	373	237	573	610	77	41	436	23	383	629	42	38	275	80
122	528	466	306	308	34	39	350	173	401	204	227	503	363	559	441	239	651
49	47	48	270	272	269	271	69	669	668	253	321	424	319	660	425	518	521
60	56	63	419	109	3	86	1	470	628	180	160	54	380	119	76	67	322
49	48	47	270	272	269	271	669	69	668	253	321	424	319	81	660	161	518
47	49	48	270	272	269	271	669	69	668	253	321	424	319	81	161	518	660
137	330	130	162	526	342	339	331	365	338	332	103	522	105	340	138	525	83
162	83	330	137	339	526	485	486	473	338	130	331	342	487	488	365	340	522
330	522	162	340	137	523	365	520	331	131	130	105	83	161	104	524	525	517
137	330	162	331	130	339	365	340	522	342	338	105	526	138	332	103	525	473
379	443	107	289	109	615	87	408	539	292	407	56	290	108	538	2	63	216
223	113	334	55	92	112	410	671	382	364	46	353	31	372	670	542	439	378
110	139	421	85	87	538	106	613	290	108	2	343	525	442	140	104	138	107
54	426	75	548	1	67	60	282	3	380	470	336	529	422	611	362	208	150
520	81	131	518	523	517	524	521	527	522	340	155	365	519	105	104	140	330
154	156	153	83	155	137	330	339	526	331	130	338	473	342	340	365	522	485
196	458	314	462	189	167	169	565	371	359	29	10	416	509	20	368	26	171
368	51	196	189	565	369	462	19	415	20	509	18	418	195	312	478	314	416
301	553	206	399	555	264	15	136	50	645	246	144	260	398	482	251	135	317
369	20	462	565	415	509	196	189	18	168	368	478	19	416	312	533	418	477
359	462	196	314	533	26	371	416	163	171	458	20	189	509	29	565	166	10
20	533	509	462	166	416	369	415	19	478	312	565	18	477	196	8	189	170
359	26	29	458	171	448	163	531	371	196	462	10	189	329	327	565	530	314
312	8	19	418	509	511	416	193	21	20	168	477	533	415	166	462	314	369
530	10	313	169	371	192	194	29	329	531	359	167	129	390	458	26	448	163
357	478	18	516	637	369	415	515	480	250	99	477	565	557	368	303	166	479
34	204	503	401	441	145	363	39	345	652	122	120	68	627	350	528	64	148
472	468	367	198	267	429	430	124	143	197	483	432	238	574	433	582	347	236
335	585	607	307	44	545	572	22	411	378	111	597	452	334	504	337	25	45
37	574	403	414	202	124	559	429	400	573	306	146	453	239	608	201	434	238
548	54	454	372	31	438	611	380	160	671	32	60	150	67	341	474	61	65
333	420	343	108	138	408	342	332	86	490	322	338	106	103	476	421	110	157
474	454	59	653	655	386	31	364	372	455	438	611	341	548	488	82	671	542
65	86	67	490	341	150	160	548	60	54	1	322	611	426	438	56	3	380
436	349	234	237	235	604	42	23	547	226	40	560	41	610	79	91	499	229
73	558	71	500	142	268	24	384	324	229	397	604	188	499	70	404	277	385
42	583	435	610	274	241	236	41	347	38	23	201	237	383	432	573	79	560
604	24	229	324	385	499	268	277	234	188	71	500	397	558	73	349	547	70
205	496	494	309	577	293	133	242	296	495	637	295	102	515	294	667	493	28
496	205	494	309	293	133	577	296	637	295	242	102	495	515	28	667	294	310
459	388	568	387	636	447	389	532	191	247	570	248	449	390	100	510	129	358
277	268	558	73	24	500	604	184	71	182	324	229	234	499	385	397	181	349
565	368	196	462	166	369	51	20	478	18	163	415	168	509	458	164	359	167
100	194	313	530	417	10	248	371	129	171	247	390	329	389	7	531	532	29
247	389	248	568	100	447	532	387	388	187	129	459	390	194	636	570	329	530
313	10	371	530	171	417	194	129	329	167	169	7	100	163	314	29	390	531
511	512	21	418	170	252	463	126	19	312	477	642	9	8	514	415	265	303
530	129	10	390	329	171	100	192	531	313	248	29	371	190	169	191	510	458
252	511	418	245	633	512	303	514	164	415	21	463	250	19	18	513	99	368
462	189	565	166	163	20	509	368	369	314	416	167	168	164	19	458	312	533
483	174	579	143	367	472	582	468	366	580	225	581	430	429	267	238	124	440
432	468	347	236	433	435	429	267	241	472	274	430	174	405	38	574	124	560
228	326	72	351	664	323	497	624	258	575	251	320	278	304	263	246	52	127
646	481	123	366	391	616	579	288	440	284	467	285	143	483	593	90	428	464
573	610	77	435	37	176	583	147	347	183	42	236	41	38	226	23	79	383
559	306	176	37	466	77	528	583	573	80	403	350	239	414	275	308	434	574
573	610	435	38	23	147	347	236	42	237	241	274	183	77	373	37	226	176
401	34	173	441	350	145	363	39	122	503	652	36	528	35	345	466	376	64
293	309	185	496	186	133	242	102	296	295	577	494	667	28	637	495	515	310
301	165	15	260	317	136	398	135	553	249	623	264	50	555	625	266	564	5
571	569	327	448	6	510	26	29	134	507	531	358	359	458	169	329	516	390
529	362	336	589	305	353	291	46	75	422	224	670	590	282	382	221	671	61
440	374	367	464	267	143	123	366	373	465	579	582	430	427	273	593	405	433
440	123	464	366	367	143	593	374	579	267	467	646	428	465	427	430	582	273
440	374	620	582	367	579	366	267	580	143	123	464	174	132	621	430	373	581
440	374	367	267	464	373	582	143	366	579	123	465	430	620	174	427	273	593
619	298	592	391	616	594	284	200	300	297	90	617	591	285	481	646	299	125
614	292	657	538	444	539	289	290	107	615	659	139	87	407	613	409	2	658
612	409	614	88	613	657	423	139	442	538	292	290	159	444	445	87	2	539
539	292	615	289	107	659	658	407	489	538	379	157	443	444	87	290	355	550
612	409	423	88	614	613	442	445	425	139	660	657	538	159	290	444	519	2
534	492	551	291	305	589	650	121	544	535	57	62	552	361	353	382	502	670
502	492	638	535	552	121	544	534	650	640	551	588	291	361	471	280	501	598
492	534	551	502	650	535	121	544	552	291	638	305	589	640	471	57	361	62
61	305	670	32	589	382	353	62	57	121	291	534	544	492	208	361	336	671
546	344	504	375	378	543	89	572	595	562	541	240	402	439	413	540	112	111
158	113	55	334	112	378	439	92	410	335	542	585	364	382	344	545	671	504
362	529	611	208	548	426	438	671	46	336	31	353	160	75	54	589	410	305
562	595	541	89	656	546	540	402	450	240	346	238	451	375	354	344	584	469
79	41	383	77	237	147	436	42	610	201	583	183	629	203	275	80	573	181
308	354	239	146	451	39	43	346	434	122	469	450	400	363	584	453	306	350
199	326	351	72	664	323	497	624	258	575	251	320	304	278	246	263	302	576
324	499	385	604	71	397	184	24	70	500	404	547	268	182	142	234	412	384
639	649	586	501	377	600	587	588	640	491	552	638	597	280	502	535	348	25
600	649	281	586	627	639	68	501	587	503	377	276	588	173	120	597	345	491
662	661	549	381	254	663	74	641	550	119	76	489	537	658	536	355	659	628
586	649	639	600	587	377	501	597	491	588	44	276	627	68	640	280	25	30
349	181	184	436	604	71	324	499	229	268	547	385	188	558	277	24	412	91
560	91	40	23	349	561	38	274	241	405	436	316	665	610	42	547	181	412
347	435	241	274	38	432	610	198	23	405	560	42	183	433	203	573	201	267
436	610	23	42	349	181	226	41	79	38	560	183	147	203	274	241	91	40
414	400	403	608	574	469	429	124	453	434	146	176	472	37	376	308	562	450
308	146	434	400	227	403	306	453	414	469	608	559	350	354	376	122	176	37
413	45	346	584	562	43	595	354	402	22	572	111	452	64	114	337	363	441
274	38	236	347	560	435	432	405	23	610	42	235	91	433	40	183	561	316
437	99	293	133	515	296	637	634	250	496	357	577	205	245	102	172	516	294
257	141	648	647	394	406	556	393	33	256	392	593	144	596	302	482	246	645
311	632	17	261	101	667	14	352	102	633	4	295	566	28	328	635	262	514
250	633	99	303	437	252	513	195	557	632	360	310	514	479	18	242	172	17
144	264	251	553	482	624	320	555	258	136	15	301	399	575	165	664	394	323
191	389	100	568	532	447	387	570	388	187	459	129	194	390	636	190	329	530
100	191	129	194	390	329	447	389	530	568	531	10	190	510	171	192	636	532
317	563	135	50	564	206	262	260	259	261	14	623	266	5	635	53	328	165
99	303	245	557	513	310	360	479	437	172	633	296	637	357	18	415	242	478
258	246	264	555	624	497	664	575	320	482	323	136	15	263	144	553	301	399
511	195	512	21	418	303	463	193	514	245	513	557	633	415	477	642	18	479
424	69	321	668	660	319	425	423	669	445	88	519	521	217	612	442	518	409
489	381	550	658	661	662	232	659	355	119	549	663	407	444	539	76	289	279
657	409	215	612	217	614	214	444	425	423	659	216	658	489	88	550	292	539
596	605	395	556	498	465	606	609	648	392	406	304	404	302	384	393	142	70
243	648	647	141	406	556	394	392	393	593	596	33	605	302	428	482	467	287
624	664	323	497	251	482	246	555	264	144	127	326	320	575	399	33	302	136
27	14	328	311	563	635	249	4	28	317	17	101	566	135	265	564	352	667
266	398	625	623	206	5	136	15	263	317	301	325	249	52	555	264	575	135
14	101	311	328	566	244	135	17	27	564	317	352	635	249	4	632	265	667
635	14	311	28	317	352	626	27	249	328	135	563	5	17	667	101	244	666
575	52	625	398	136	15	260	251	325	555	320	301	576	623	497	258	246	553
136	15	553	301	555	246	251	320	144	575	165	482	398	258	399	624	206	625
642	9	4	514	463	328	512	27	566	513	460	17	360	557	303	461	479	14
260	625	398	623	325	5	52	136	15	575	206	301	317	555	249	576	315	251
367	430	198	174	433	468	347	472	236	432	429	405	435	124	241	143	38	274
188	558	277	73	24	500	604	184	71	182	324	229	234	499	385	397	142	181
47	48	49	152	151	149	669	69	668	253	321	424	319	660	161	81	518	425
47	48	49	152	151	149	669	69	668	253	321	424	319	660	161	81	518	425
47	48	49	152	151	149	669	69	668	253	321	424	319	660	161	81	518	425
47	48	49	152	151	149	669	69	668	253	321	424	319	660	161	81	518	425
554	431	318	498	465	609	395	427	316	433	464	561	430	405	91	665	596	412
241	38	236	560	347	432	435	23	405	610	42	235	91	40	183	433	561	316
80	629	77	630	651	383	78	466	528	202	583	559	79	41	226	306	145	201
337	68	120	652	345	356	64	44	114	22	307	441	363	627	45	173	39	607
188	268	558	24	604	500	184	73	71	324	229	234	182	385	499	181	397	349
70	397	304	404	385	127	606	229	199	326	324	499	24	323	228	302	664	72
355	76	470	1	381	109	119	56	407	443	63	322	550	628	408	3	661	663
598	348	491	599	361	535	25	640	552	544	377	597	650	121	30	587	62	588
627	503	600	68	173	34	651	204	630	145	345	120	231	401	528	652	276	466
75	590	336	3	470	422	536	160	1	628	426	529	362	208	76	380	54	537
125	594	619	298	98	300	616	391	592	213	591	297	617	118	299	200	567	621
297	391	616	200	298	300	646	619	213	299	467	11	123	481	484	592	288	593
484	11	287	481	467	646	288	593	428	13	123	200	297	392	647	141	427	257
300	299	297	602	12	11	13	643	126	619	298	213	7	603	417	193	141	370
484	428	392	467	593	605	647	427	609	596	406	285	395	257	554	464	465	256
428	467	123	427	593	481	464	646	483	143	392	554	484	609	273	465	605	430
539	407	107	443	379	216	157	659	615	489	355	658	538	2	550	87	444	119
2	538	87	107	421	139	110	379	157	159	443	108	539	407	106	408	615	214
534	305	589	551	218	650	208	353	62	361	336	382	46	529	362	220	221	535
539	107	216	615	407	538	379	443	157	87	659	214	2	489	658	444	355	550
205	496	242	309	102	133	667	186	637	185	99	310	577	28	515	250	437	494
634	515	493	577	516	133	134	357	494	637	569	571	480	496	6	207	172	242
102	667	28	17	310	311	360	632	4	309	352	244	513	557	250	479	205	14
637	310	515	496	133	99	250	357	360	242	557	172	479	102	513	303	205	634
284	11	285	13	391	484	646	200	467	213	616	619	141	481	287	593	123	288
619	213	391	592	616	594	284	200	125	617	591	90	646	481	285	118	98	366
11	13	284	285	484	602	141	12	467	370	647	243	287	257	646	593	286	603
284	619	213	391	11	616	285	286	13	594	592	200	646	484	125	481	467	141
15	136	264	553	165	206	555	398	246	320	260	251	144	263	575	399	625	266
127	393	556	624	33	482	406	664	258	323	394	648	497	256	246	404	251	326
513	557	250	479	360	310	245	99	252	633	4	21	514	172	477	18	265	415
404	70	278	127	397	606	384	556	142	256	664	323	393	326	624	228	199	385
589	221	353	208	670	61	291	32	336	382	218	534	62	57	529	422	362	551
559	350	239	202	466	528	434	122	145	376	146	403	227	608	148	414	176	37
22	111	452	585	572	607	175	337	356	335	44	413	45	504	276	64	545	114
239	227	146	434	122	400	453	350	559	354	403	469	148	414	608	451	145	39
205	293	186	495	28	295	185	102	496	667	666	352	296	626	133	635	315	242
360	513	557	479	303	296	250	295	4	102	637	99	17	667	245	172	632	265
17	244	14	261	667	352	632	101	28	262	4	328	102	295	635	259	27	566
19	8	509	416	170	20	418	168	166	533	462	415	196	369	511	477	18	565
192	371	10	171	530	194	417	167	169	7	190	129	329	29	163	359	390	458
416	509	196	462	167	163	8	20	533	371	19	168	7	166	189	565	169	170
666	626	5	578	495	635	623	325	352	625	266	260	262	28	398	396	576	309
561	431	91	40	405	665	560	433	235	412	547	274	273	241	432	38	498	554
249	135	206	564	563	260	50	262	623	261	5	635	14	266	398	259	101	165
431	561	273	554	665	40	91	433	405	498	412	560	609	547	395	432	235	274
424	660	668	519	445	521	253	518	423	527	517	442	425	88	524	217	131	612
264	575	246	144	251	15	136	553	301	555	624	263	398	258	482	625	664	323
424	660	253	668	425	423	445	69	519	521	88	217	442	612	518	409	527	669
490	408	333	86	109	1	56	67	65	279	178	443	420	470	157	63	379	150
664	497	258	624	251	482	127	199	228	246	302	555	575	264	320	52	263	144
229	499	385	71	604	397	184	24	70	500	404	182	142	268	547	234	412	384
625	576	266	398	623	263	5	396	260	575	52	315	578	136	15	320	301	626
199	228	664	72	351	497	258	624	251	575	320	246	304	263	482	127	278	52
448	569	207	571	510	26	29	6	531	359	134	169	358	458	390	507	171	129
14	566	27	261	101	259	265	4	311	9	460	642	262	17	564	53	135	514
129	531	390	29	194	530	171	10	510	458	448	169	248	359	26	100	192	207
153	137	156	365	130	522	155	340	105	162	342	526	103	525	523	339	104	138
130	137	156	105	365	525	340	138	104	140	153	103	85	522	339	342	106	338
103	138	106	343	342	85	130	108	178	420	525	421	110	338	105	137	339	104
178	420	343	408	108	322	490	138	86	106	157	379	342	421	103	443	110	476
410	113	223	158	55	545	46	92	382	62	112	175	353	607	585	599	378	361
607	545	175	585	307	25	44	30	113	597	378	572	22	348	223	410	598	504
208	529	362	589	75	422	305	282	590	380	54	291	57	160	353	551	32	221
64	356	276	652	22	120	114	345	307	45	111	68	441	363	452	413	39	44
342	420	473	178	138	526	332	343	333	103	130	476	153	490	86	137	108	331
473	342	526	138	420	153	130	156	137	332	178	331	103	343	476	333	488	162
522	365	105	523	131	104	331	137	140	525	130	330	527	524	155	517	156	520
455	180	65	488	490	86	473	67	420	177	178	653	322	179	548	333	611	526
338	420	332	138	103	526	339	178	130	333	153	137	106	108	85	331	156	330
108	178	138	106	333	332	110	421	85	103	420	476	408	87	379	157	2	159
546	504	378	572	585	112	222	111	452	439	543	413	307	22	375	411	175	542
120	652	114	64	363	441	68	39	356	337	173	276	34	401	204	503	122	627
354	584	562	595	402	43	240	413	227	451	45	450	469	64	114	363	39	441
236	435	241	274	38	432	198	610	23	405	560	42	203	183	573	433	201	267
598	280	599	491	25	361	597	545	544	30	535	640	62	377	552	587	121	650
234	436	181	235	237	23	547	91	40	560	665	561	184	412	499	610	42	38
401	376	306	204	36	145	122	559	434	528	466	34	308	239	173	441	39	363
72	228	199	326	664	323	500	497	575	182	624	576	73	320	258	278	251	304
635	28	311	667	626	244	262	261	17	102	14	666	295	5	315	632	101	623
382	670	62	305	589	61	46	221	208	291	410	361	529	671	32	362	599	336
346	227	43	584	595	562	402	451	469	450	308	239	240	39	363	413	434	146
119	489	381	407	550	279	661	659	658	254	76	289	443	63	539	109	56	663
337	114	120	64	345	22	452	652	276	111	307	363	68	39	413	441	45	572
172	515	516	637	478	634	18	480	99	296	250	369	415	134	368	565	294	437
507	6	510	207	569	327	571	16	448	636	531	493	390	447	29	26	329	134
26	169	29	458	167	448	171	189	327	531	565	462	196	163	134	569	571	207
310	513	479	557	303	4	250	296	295	17	265	102	99	642	637	245	667	633
599	62	598	348	544	280	121	382	535	650	25	353	491	552	640	291	492	410
529	208	336	224	75	589	46	282	305	291	353	426	590	422	671	160	54	548
441	39	64	652	114	401	345	120	204	173	34	43	122	145	227	337	354	350
542	82	439	386	474	372	158	223	55	112	31	113	671	438	179	543	92	378
522	105	340	104	525	130	137	331	330	523	140	156	153	524	103	131	332	527
579	440	123	143	646	197	483	200	582	580	481	174	464	288	430	581	267	210
174	267	143	472	430	468	582	198	440	579	429	197	124	483	433	464	374	432
565	189	51	166	18	164	196	478	415	462	20	172	516	509	168	357	19	163
166	18	478	415	565	20	189	462	168	509	196	172	19	477	51	418	357	416
53	603	645	631	128	564	460	461	644	50	566	563	135	328	249	165	101	399
313	192	10	171	167	314	530	169	417	7	163	194	359	458	29	416	196	462
31	671	438	61	32	177	364	670	548	158	55	611	54	223	113	353	454	224
147	203	23	573	201	610	38	237	436	226	347	435	235	349	236	560	241	405
124	582	453	267	367	146	450	37	400	429	451	176	573	472	403	308	239	203
411	112	546	222	344	439	92	585	572	504	82	89	542	175	223	240	225	334
36	434	350	608	469	559	306	401	239	43	35	584	204	414	308	227	403	354
587	588	491	586	640	501	25	280	30	597	348	598	639	649	544	233	121	535
344	504	112	585	546	572	411	439	223	175	335	111	452	307	55	113	22	222
157	443	107	289	87	615	292	408	539	407	109	290	538	2	108	56	421	110
422	54	57	336	75	3	160	60	32	589	590	282	305	208	628	529	548	221
550	254	661	355	232	489	662	549	658	119	663	76	659	279	407	289	536	539
62	353	670	61	361	221	305	410	589	46	599	291	544	121	598	208	32	113
41	79	77	226	583	275	80	629	183	201	42	78	202	237	573	610	630	147
142	404	70	397	182	71	304	324	499	229	606	412	256	500	73	24	604	498
499	229	324	397	604	184	70	547	24	71	412	404	500	234	665	278	142	268
82	364	474	31	438	179	542	372	611	158	439	92	59	223	671	112	655	548
532	568	459	187	570	191	247	447	636	248	449	100	129	194	446	456	510	329
459	187	568	532	447	636	191	570	247	248	449	100	129	456	510	194	457	446
568	191	532	247	459	447	248	187	100	570	636	194	129	530	329	190	531	510
129	329	531	194	510	530	29	171	248	10	448	100	327	458	169	447	191	26
616	298	284	200	592	619	213	646	617	297	90	481	366	123	285	300	594	579
605	596	406	428	609	256	287	647	648	593	556	465	257	427	498	606	554	467
33	302	556	406	482	648	127	624	258	246	144	664	399	323	304	647	497	251
33	482	144	648	246	624	556	302	406	553	258	399	264	251	127	555	320	664
609	465	498	596	605	256	554	273	606	427	431	318	412	428	464	316	561	556
576	325	578	625	315	575	263	623	266	5	52	260	320	666	136	15	626	351
70	385	404	229	324	499	278	24	384	142	604	71	304	500	184	182	412	606
625	260	266	15	136	623	263	301	206	325	575	264	5	555	320	52	553	317
555	165	482	33	264	553	246	301	251	136	258	15	50	144	624	206	645	497
453	146	414	239	238	608	469	434	308	124	227	574	176	37	450	306	354	451
204	441	34	363	173	350	39	145	122	36	652	43	376	35	64	345	528	503
595	346	562	451	354	450	541	413	240	584	227	43	111	452	114	45	64	469
414	146	608	453	239	176	574	37	238	434	124	469	308	429	559	306	202	376
70	397	384	304	142	499	606	324	385	229	278	71	412	182	256	547	302	24
560	316	91	561	433	241	274	38	431	40	432	235	23	236	347	318	435	665
648	556	393	647	33	302	392	394	605	256	257	596	127	482	304	624	606	258
289	539	355	443	107	292	489	659	550	379	157	658	216	615	381	279	119	444
333	443	322	379	157	108	2	178	343	109	107	279	290	87	421	289	56	420
612	217	215	614	423	88	613	214	442	657	139	445	425	538	660	444	290	159
46	334	382	353	62	599	361	113	158	598	348	670	223	545	335	92	291	280
375	585	378	175	572	112	92	344	335	546	504	334	307	22	223	607	111	45
547	665	499	561	91	385	316	40	498	431	229	324	606	318	235	404	397	70
240	111	45	452	22	346	572	402	64	584	114	43	562	595	354	337	307	356
403	608	400	574	238	434	176	239	146	37	453	469	124	429	559	306	308	376
18	369	478	166	477	20	168	19	565	172	509	368	462	189	312	21	196	252
509	312	8	20	314	533	19	168	462	166	196	170	167	369	565	189	163	478
192	7	313	371	10	190	314	530	171	194	643	163	167	100	169	129	8	329
511	19	170	312	252	21	193	509	477	166	195	20	18	369	8	168	512	478
628	63	119	3	76	663	60	56	470	150	109	549	661	1	355	536	537	662
178	333	342	343	338	490	138	332	86	322	108	103	408	339	65	106	476	526
110	106	108	87	85	159	2	290	343	538	139	379	138	332	157	107	103	408
380	590	57	336	75	282	589	3	305	628	208	54	551	529	537	536	32	160
217	612	660	88	409	445	215	442	613	614	319	321	519	139	214	657	159	253
660	321	319	253	668	445	88	519	69	217	442	521	612	409	527	518	215	517
660	217	612	409	88	321	215	445	253	319	442	614	613	255	519	657	214	139
160	75	67	548	282	1	224	362	611	529	54	336	470	208	3	438	60	380
464	554	273	609	465	395	288	593	498	605	596	318	392	431	433	143	467	287
593	467	392	288	287	464	465	609	605	395	596	554	273	256	123	498	257	484
124	574	472	238	414	403	176	37	198	400	453	174	608	347	435	146	236	468
468	433	267	198	273	143	432	554	174	464	367	405	431	483	318	316	236	472
316	318	561	91	405	273	40	665	554	498	560	412	547	235	274	241	395	609
198	236	241	274	347	435	405	38	560	316	468	40	91	183	561	42	23	430
405	430	316	198	241	274	318	561	236	560	347	273	91	38	40	267	468	554
608	469	376	239	414	403	36	350	306	400	308	559	146	227	43	354	584	238
347	236	241	274	38	610	432	183	42	573	23	203	198	201	560	405	176	37
237	349	181	235	234	23	610	42	226	41	79	560	38	91	40	147	274	183
99	245	242	250	51	357	172	303	633	515	637	368	634	18	296	516	557	513
611	31	548	671	224	372	54	177	426	160	386	529	362	67	158	208	336	180
542	112	378	82	344	543	364	546	223	55	504	158	375	222	113	585	92	572
366	579	367	143	210	123	211	209	582	212	464	267	580	174	374	430	197	483
363	39	652	401	64	345	114	204	173	34	120	43	122	145	350	337	584	35
88	613	519	139	217	159	140	612	104	409	423	215	525	614	527	85	538	421
157	379	107	289	407	109	408	539	292	355	615	56	63	87	2	290	279	119
659	550	489	214	658	407	539	289	292	254	216	657	614	381	355	107	290	615
519	88	423	613	217	660	612	409	319	139	521	527	140	215	104	424	159	524
505	456	570	457	532	387	388	506	187	459	568	389	247	508	191	636	248	100
636	568	191	187	459	388	248	389	247	390	510	387	129	329	531	100	532	358
327	26	207	569	29	571	359	531	510	458	169	134	6	329	390	171	167	129
456	457	388	570	387	459	187	532	505	568	389	506	636	247	191	248	508	100
402	595	541	354	562	227	146	346	400	239	308	469	584	43	403	434	238	413
402	354	227	595	541	346	562	146	308	239	400	43	584	469	413	39	434	240
111	22	413	572	307	504	356	337	585	45	114	240	64	344	402	346	546	378
146	400	403	239	414	124	308	238	227	469	608	434	37	176	306	574	354	429
179	177	474	372	59	31	364	438	386	655	653	548	180	671	611	54	341	32
341	488	653	179	65	485	180	473	487	490	177	66	338	474	67	438	611	655
449	446	506	505	570	388	387	187	532	568	389	508	636	247	191	447	248	100
449	446	506	388	187	505	387	570	532	568	636	389	447	508	247	191	248	100
29	359	169	26	163	448	531	329	167	189	196	171	565	10	571	207	462	327
187	388	568	387	636	447	389	532	191	247	570	248	449	390	100	510	129	358
128	644	603	9	566	642	265	328	631	53	514	512	101	27	4	14	261	564
128	644	603	9	642	566	265	512	328	53	514	631	126	27	4	193	101	14
196	20	166	509	565	168	189	369	416	533	167	314	19	368	415	312	478	163
512	642	9	514	265	252	21	193	511	4	644	128	513	303	557	566	633	479
427	273	554	428	430	143	395	593	609	288	498	433	123	431	267	318	596	367
395	498	609	273	596	554	256	427	605	431	428	318	392	606	412	316	593	561
528	145	122	651	148	306	350	559	630	80	202	34	204	401	275	173	503	308
593	428	288	287	123	484	646	427	392	257	605	285	481	609	647	596	395	554
174	198	430	472	432	433	267	483	367	429	143	347	236	124	435	241	274	405
434	608	400	376	239	414	584	354	238	403	43	146	36	227	308	453	562	346
1	3	76	628	282	60	75	279	419	160	56	536	63	590	663	426	109	150
641	74	537	551	220	549	536	590	663	219	534	218	232	638	502	492	422	662
174	429	124	468	198	238	574	367	267	414	403	400	453	176	37	432	347	430
339	338	488	341	342	420	455	526	178	86	138	156	180	490	153	343	333	65
179	59	386	364	454	655	372	31	653	82	542	438	177	439	611	654	671	158
541	540	402	543	451	450	656	595	504	452	546	111	344	562	413	346	222	354
108	343	178	110	138	86	333	157	379	85	87	421	420	106	338	615	332	109
415	18	21	168	369	418	172	20	557	166	19	170	513	303	511	509	252	533
18	369	415	172	166	565	20	168	357	368	189	462	516	509	196	533	19	51
557	513	360	310	303	250	4	21	172	296	265	99	642	637	252	18	245	415
134	172	516	357	515	18	369	565	168	637	415	189	634	166	20	26	533	462
646	288	123	200	285	366	467	287	143	428	427	593	197	579	464	440	430	554
624	246	258	33	251	144	399	555	393	394	264	664	323	553	497	302	127	320
143	468	197	430	174	367	472	288	427	464	198	366	123	267	579	433	554	273
287	285	467	647	11	593	392	428	288	141	257	13	406	605	648	646	243	427
66	455	653	83	473	341	154	526	339	338	162	655	179	59	153	117	342	65
66	83	154	653	455	473	115	162	117	655	339	341	59	526	116	338	179	156
66	653	455	655	473	83	59	341	117	179	154	116	115	339	474	526	454	338
455	473	341	653	339	338	179	180	65	454	66	526	86	177	490	420	342	59
659	658	254	550	355	381	407	661	539	119	289	662	444	216	232	292	107	443
65	322	86	67	180	420	333	178	341	1	56	408	150	109	160	60	426	470
280	377	25	348	598	587	597	30	640	588	599	545	361	544	586	535	121	552
220	219	218	121	544	535	534	650	552	502	640	551	361	291	221	638	62	599
294	16	577	634	6	507	571	133	569	207	515	516	134	358	327	357	242	448
577	133	186	185	294	205	515	637	296	634	293	242	309	357	516	16	134	480
666	626	315	309	578	28	635	352	5	667	205	262	295	186	102	623	293	185
133	186	205	293	577	296	185	637	515	309	242	294	295	634	102	357	310	99
323	664	258	251	624	326	482	127	555	199	246	52	575	228	263	264	302	320
395	465	609	273	596	431	606	554	412	318	256	605	316	561	665	547	91	404
229	324	385	397	71	604	184	70	547	412	404	24	234	142	384	182	665	268
24	73	268	604	558	182	188	277	324	184	229	71	397	385	70	142	404	384
588	377	640	586	587	649	491	30	639	230	121	544	25	233	280	552	598	535
219	638	492	220	552	535	640	121	544	650	218	534	588	551	471	280	377	639
173	34	627	204	281	145	68	651	401	345	122	528	120	441	466	363	39	652
344	546	572	378	585	452	111	307	22	413	112	222	175	240	335	439	543	45
446	456	449	457	570	532	387	388	187	459	389	568	247	191	447	636	248	100
456	457	446	449	570	388	387	532	187	459	568	389	247	191	636	447	248	100
358	6	16	207	571	569	510	327	493	448	636	531	294	134	29	26	390	447
446	456	457	449	570	532	387	388	187	459	389	568	247	191	447	636	248	100
20	416	19	312	168	462	166	533	8	196	314	369	415	170	565	418	189	18
531	327	448	390	207	329	29	571	569	358	129	6	26	507	458	359	169	447
418	193	252	21	170	195	19	463	477	415	312	303	18	514	8	20	166	642
463	193	21	252	642	9	514	265	418	303	513	195	461	557	4	460	644	479
557	303	479	360	310	250	4	245	252	99	265	21	477	642	633	172	463	296
463	265	9	642	633	512	4	252	566	632	303	644	17	460	328	245	557	101
357	637	634	133	294	172	296	242	99	577	480	134	496	478	250	437	18	51
634	357	134	172	480	294	478	637	565	51	368	189	369	18	571	569	26	99
527	524	521	131	523	522	340	161	104	140	365	105	525	445	319	442	331	130
521	527	131	524	523	161	340	522	319	140	104	365	105	445	442	525	668	81
521	527	445	524	442	140	104	319	131	88	525	105	613	523	340	365	660	522
161	523	131	524	522	527	340	81	521	155	365	105	104	140	330	137	525	331
518	527	517	519	524	131	319	520	140	445	104	161	340	442	105	365	525	88
340	365	105	330	131	137	104	524	525	130	155	331	140	517	527	520	156	153
131	520	340	524	517	365	527	518	161	105	155	104	140	330	525	137	519	331
517	518	521	131	523	519	522	520	340	104	365	105	140	161	445	442	319	130
104	105	140	85	365	130	103	332	106	331	138	159	340	522	421	110	137	343
342	338	339	153	420	137	332	330	103	130	178	156	138	473	333	341	343	490
517	521	518	131	519	523	140	104	340	522	105	520	365	442	445	161	319	331
466	145	122	148	651	306	350	559	34	204	630	401	173	80	202	503	308	275
362	208	336	224	589	75	305	353	291	282	46	426	422	671	590	54	160	548
194	171	10	192	129	313	329	390	371	100	29	169	248	190	458	359	167	26
329	390	29	129	510	448	458	327	171	194	26	169	359	207	10	571	569	248
387	389	568	388	570	191	247	459	187	447	248	636	100	449	390	194	129	190
168	416	20	509	462	8	167	312	166	19	314	196	369	170	565	415	478	477
218	551	291	220	650	492	305	589	219	552	544	121	221	361	62	208	353	590
552	650	544	492	280	121	640	361	599	598	348	219	220	218	638	491	62	291
590	549	641	663	76	628	282	3	470	74	75	422	551	471	232	336	419	661
641	74	590	549	663	471	551	628	76	422	282	232	3	661	419	75	470	336
87	290	292	2	107	421	110	139	159	379	289	615	157	216	214	108	443	613
289	292	216	107	407	615	659	489	443	658	379	157	355	550	290	444	214	87
656	475	132	450	222	402	451	225	595	582	546	580	581	562	344	504	346	354
450	402	451	475	595	562	346	354	413	227	656	222	453	240	452	546	146	111
439	364	112	82	223	55	378	344	158	546	504	386	113	375	92	222	89	334
439	546	344	475	222	504	656	378	112	89	132	364	452	572	111	55	654	402
121	640	535	492	361	598	280	552	599	62	650	348	218	588	491	219	220	534
25	335	607	30	597	348	598	491	175	44	587	280	599	334	361	113	307	377
344	504	222	378	572	585	112	111	452	439	543	375	413	240	22	411	402	307
412	665	499	40	385	91	561	229	235	316	349	324	431	234	560	318	397	184
611	54	438	160	426	31	224	671	67	529	75	380	362	336	177	208	372	180
663	232	661	537	76	641	662	74	536	381	628	119	254	419	471	355	590	3
381	489	254	659	355	658	407	661	444	232	662	289	119	539	279	76	663	292
534	218	220	291	590	537	650	492	589	305	471	422	641	219	336	536	208	57
535	650	280	638	640	544	492	121	219	599	598	361	502	534	348	220	491	218
264	301	246	15	144	136	165	555	320	251	206	399	482	398	575	624	258	263
273	609	427	318	395	431	498	465	464	316	433	430	561	605	596	405	665	91
264	136	251	15	301	399	246	553	165	482	258	263	575	320	144	624	206	398
648	302	393	406	256	394	304	127	596	33	605	482	624	392	606	404	647	257
513	479	303	360	310	250	477	99	4	21	172	245	252	296	18	265	637	642
268	73	188	182	277	500	71	24	604	184	324	229	234	499	142	385	397	384
306	202	350	434	239	466	528	376	308	176	37	608	403	414	122	145	146	36
235	91	40	274	405	241	38	23	316	610	236	42	432	431	665	347	433	349
316	91	40	431	665	405	318	235	412	547	274	433	241	38	23	273	349	432
595	346	402	354	584	240	450	43	451	413	469	227	541	45	400	434	239	146
249	50	317	135	259	262	53	14	27	328	261	260	206	635	266	101	5	165
135	249	317	53	50	261	101	206	645	328	14	631	165	262	259	27	260	301
189	369	166	368	462	196	478	20	18	415	168	51	509	172	516	164	167	359
328	101	261	460	644	14	9	265	631	514	128	27	642	461	4	603	53	311
210	212	209	211	243	257	593	440	467	141	284	648	123	464	428	465	646	256
388	389	459	387	187	191	447	532	636	247	248	100	390	129	194	510	329	531
207	327	448	6	134	26	510	29	359	358	507	531	458	516	169	294	634	493
532	387	247	388	389	187	191	459	446	449	248	447	100	456	636	457	190	194
207	448	327	6	26	510	134	29	359	458	507	531	358	516	169	294	634	493
585	111	504	22	452	307	413	344	378	546	45	240	175	337	335	411	607	346
201	203	37	435	176	610	202	347	236	77	38	583	183	42	147	23	241	559
414	429	176	403	37	238	608	124	400	434	453	559	146	202	469	239	472	306
263	320	136	251	15	264	398	625	52	555	301	325	576	246	266	258	553	497
396	325	575	625	263	398	266	52	623	320	136	15	260	5	315	251	326	264
133	494	496	294	515	493	634	242	185	186	637	205	293	296	516	357	99	134
315	396	666	325	495	5	626	623	625	266	635	398	260	352	263	52	575	309
366	440	197	143	367	174	483	123	472	267	468	430	132	656	646	374	200	464
132	656	540	197	366	225	440	367	541	618	475	174	620	58	472	89	450	374
132	656	540	618	225	89	197	654	58	222	543	541	475	366	620	367	450	440
367	656	174	540	197	472	374	132	124	541	440	450	453	225	267	143	429	366
183	383	77	41	202	201	42	79	559	176	275	573	37	80	435	226	574	610
43	346	354	240	562	469	45	595	413	36	227	441	363	434	376	402	35	39
572	175	378	307	504	335	22	344	111	452	607	411	546	112	413	545	45	44
649	233	587	377	639	501	230	588	491	597	600	640	25	30	280	44	348	598
377	491	586	597	25	30	501	348	280	545	640	649	598	44	233	607	639	599
501	377	640	491	30	544	121	586	25	280	598	348	535	552	649	639	597	492
305	208	221	336	353	291	670	61	32	218	529	57	382	422	534	362	62	551
422	282	536	537	336	75	551	628	3	208	380	641	57	529	291	534	362	305
118	617	98	90	619	298	616	213	391	115	117	125	58	116	618	621	622	200
298	619	213	616	391	617	90	118	200	284	125	98	58	646	481	621	366	300
428	467	392	427	287	288	464	465	605	596	257	395	609	123	256	484	554	647
619	298	213	125	98	616	391	617	300	118	284	90	283	200	297	58	646	621
562	402	346	354	450	451	240	584	541	413	43	227	469	45	400	146	239	453
605	256	395	609	465	392	498	606	556	406	648	554	273	304	428	302	427	404
587	491	25	44	545	348	607	280	377	30	335	586	175	588	361	640	639	233
348	280	361	491	25	544	535	62	640	30	121	545	552	377	650	587	588	382
361	348	280	62	535	544	650	491	25	552	121	382	410	640	545	353	291	46
649	233	231	627	281	586	68	230	276	503	587	120	345	377	173	639	501	652
97	95	96	98	591	594	118	94	115	125	592	93	619	617	298	117	283	213
12	126	643	193	511	603	170	461	128	644	512	8	418	312	195	463	460	19
128	644	460	461	631	53	566	9	370	463	328	642	265	514	101	126	512	564
184	24	229	324	385	499	268	500	71	277	188	234	558	397	73	182	70	547
596	609	392	395	256	465	498	406	556	554	648	428	427	273	302	304	393	593
404	498	304	596	70	412	256	609	395	397	547	385	665	278	499	384	556	302
335	545	175	44	307	25	597	30	585	22	587	337	491	572	111	276	452	348
434	469	414	403	376	400	238	239	574	559	146	36	306	308	453	350	176	37
395	605	596	554	498	465	273	427	256	606	392	318	431	428	464	412	316	665
23	38	42	435	241	274	203	237	236	183	347	560	201	235	573	436	41	405
438	548	31	224	426	160	671	54	67	529	362	372	208	177	75	336	180	65
217	409	215	423	88	442	214	445	425	139	657	660	538	159	290	444	292	216
139	442	159	88	215	538	290	217	409	2	421	214	87	445	110	85	106	292
214	215	409	217	657	139	444	538	290	292	216	2	539	289	87	107	88	159
216	107	539	292	157	379	289	443	538	407	87	659	658	109	489	290	63	119
391	298	592	200	284	213	90	646	366	481	123	58	591	297	621	594	579	440
90	118	592	591	58	621	391	622	200	298	116	620	581	213	117	580	366	579
654	581	89	132	580	58	656	116	90	622	225	540	543	222	82	655	579	542
298	213	592	594	391	284	300	125	591	297	200	90	646	118	285	98	481	299
58	132	580	211	581	579	440	582	656	540	366	212	654	618	210	374	209	475
58	132	580	581	618	617	654	656	579	211	582	440	540	366	90	116	543	616
58	654	132	618	116	59	581	655	656	580	617	543	540	474	117	89	118	542
5	260	398	266	325	206	317	315	635	15	136	263	301	249	135	575	352	666
258	482	664	251	246	323	497	144	264	320	302	555	326	127	33	393	394	553
398	266	325	260	263	136	15	575	5	52	301	576	206	264	320	555	317	251
666	635	315	5	352	495	262	28	578	317	311	667	260	266	259	325	14	309
281	503	68	173	34	600	120	345	276	204	652	145	441	401	363	651	39	64
3	76	419	470	663	536	60	590	282	549	537	422	75	119	1	63	380	56
275	80	78	77	383	651	79	226	466	41	528	147	202	583	201	559	145	573
651	80	275	466	78	528	145	503	77	148	34	122	281	202	173	559	350	204
603	644	566	53	460	101	564	128	461	645	328	261	135	370	9	14	514	265
17	244	311	102	667	4	514	295	245	101	261	14	303	265	360	310	250	513
245	514	303	250	17	252	513	99	195	4	244	557	360	437	265	463	102	310
515	516	294	357	133	134	577	172	242	493	51	437	480	99	296	571	478	368
626	262	352	28	5	666	311	315	14	317	623	261	259	667	249	135	244	495
447	459	568	187	388	191	358	510	389	387	390	507	248	247	129	531	532	329
296	515	357	172	133	99	250	310	516	496	242	557	360	479	480	294	513	293
552	502	219	535	650	492	220	534	544	218	551	121	280	471	588	599	291	361
230	233	586	377	491	587	552	649	588	280	501	597	535	348	598	25	502	650
588	544	121	377	491	535	280	552	501	598	492	348	361	25	30	587	599	219
74	537	471	549	536	663	232	551	590	628	661	76	662	422	220	534	218	282
9	265	463	514	512	4	460	461	328	566	513	128	21	27	252	360	479	557
7	8	314	417	312	416	170	19	509	371	418	533	193	20	163	196	462	511
460	128	603	461	566	9	631	463	514	265	328	53	101	512	261	4	14	27
165	564	50	53	631	206	399	135	370	553	301	249	317	555	264	15	563	136
123	200	481	288	467	366	593	428	285	143	287	440	464	427	483	484	579	210
406	257	141	392	393	33	556	394	243	605	302	287	596	256	484	482	127	593
406	556	393	257	394	256	302	33	596	392	243	605	482	127	624	304	144	141
586	233	600	230	501	587	377	231	588	639	491	597	640	68	30	627	276	25
535	552	534	492	291	361	544	599	218	220	280	121	598	638	551	219	62	348
630	528	466	80	145	275	503	34	204	173	78	350	122	401	148	559	306	281
64	441	345	120	363	114	337	39	276	68	173	401	204	34	356	45	43	35
455	179	59	66	474	488	487	485	386	341	454	438	177	31	180	364	116	611
618	89	132	543	542	59	439	82	364	581	474	540	622	116	386	222	546	112
59	474	179	386	116	454	364	66	82	455	542	487	117	31	488	372	438	439
540	132	581	543	475	580	541	222	225	582	89	546	450	402	595	451	344	562
214	614	444	215	216	409	292	539	612	489	289	217	615	254	538	550	407	107
489	254	550	661	662	539	355	381	119	407	216	289	232	444	292	615	107	549
489	539	254	550	407	289	216	355	444	292	381	661	119	662	615	107	443	232
424	423	425	321	319	445	88	217	612	253	409	442	519	215	668	613	521	614
232	254	381	549	119	489	658	355	76	550	659	419	628	74	63	537	641	536
232	254	549	658	381	119	489	550	659	74	355	76	641	419	537	628	536	63
549	76	628	232	537	119	419	536	641	74	381	3	355	470	254	590	63	471
323	497	258	624	251	326	482	127	199	228	246	302	575	555	264	320	144	263
547	40	561	412	91	316	318	431	235	560	405	349	499	385	498	606	274	229
626	315	495	635	5	578	352	28	262	623	309	325	266	295	625	311	260	102
102	295	28	17	311	352	632	244	310	4	293	635	309	14	360	262	261	296
319	253	321	424	69	660	521	518	519	517	527	445	425	524	423	161	131	442
69	253	319	321	424	518	521	161	517	660	527	519	520	131	81	524	445	523
61	382	353	221	32	305	62	589	208	361	46	291	113	218	410	121	529	544
31	372	61	353	32	438	224	208	548	382	529	305	589	158	362	611	221	54
