n1	n2	n3	n4	n5	n6	n7	n8	n9	n10	n11	n12	n13	n14	n15	n16 n17 n18 n19 n20
62	418	109	55	75	491	354	626	660	614	548	488	148	661	549	442	550	658	24	59
289	420	86	108	138	378	24	291	288	407	442	537	105	106	158	473	538	341	84	213
626	418	74	281	491	75	59	217	207	662	148	53	62	535	55	549	379	585	109	551
327	264	128	459	641	32	512	513	26	310	309	631	478	258	302	126	462	262	565	248
622	625	314	265	316	634	624	665	261	295	308	577	16	324	134	397	13	135	575	494
506	356	206	570	398	447	492	100	167	509	133	359	293	326	530	389	28	633	515	457
166	313	415	532	416	194	510	529	461	168	162	170	191	127	476	18	28	457	193	169
511	460	641	264	462	126	370	643	369	327	26	603	513	3	565	192	459	128	125	32
416	313	642	415	194	166	532	510	127	162	18	461	191	171	170	20	529	165	169	311
194	529	169	193	416	162	358	166	457	28	530	567	313	99	312	389	445	189	167	168
199	645	480	545	122	196	172	483	646	284	647	466	173	142	655	439	390	273	427	615
140	286	256	149	19	603	644	287	298	630	52	369	460	643	125	557	601	15	563	562
287	647	286	482	466	140	405	427	556	545	483	467	645	595	604	646	284	480	257	391
135	397	263	324	555	552	250	319	164	624	245	205	572	265	143	300	622	481	623	395
23	301	322	623	481	392	303	572	245	393	391	595	555	202	143	198	263	300	496	319
49	562	308	101	563	164	205	300	250	644	134	52	149	555	397	135	552	263	256	324
397	135	324	263	250	555	552	624	164	319	265	205	245	572	622	300	143	308	481	49
414	477	311	165	25	368	367	564	476	170	508	188	249	461	417	510	191	302	50	515
127	510	191	170	417	171	415	165	311	414	461	532	476	313	564	477	163	367	188	192
52	603	369	460	101	7	643	563	630	15	49	565	256	149	26	644	562	126	308	259
127	171	417	191	510	192	415	170	414	165	311	251	370	313	461	532	476	163	368	477
76	274	79	40	582	78	77	201	650	413	200	277	147	465	558	527	182	382	305	41
157	598	451	307	571	44	110	355	352	113	651	606	628	119	43	156	426	33	344	240
14	322	301	623	303	481	198	392	572	496	317	245	202	391	143	403	69	393	71	351
442	288	108	378	106	538	291	354	407	614	289	1	86	215	380	488	658	55	62	420
477	479	17	249	476	515	414	311	564	636	514	359	508	165	133	367	368	188	170	478
259	258	3	264	459	260	261	327	565	310	641	32	262	126	7	128	101	243	513	52
262	295	666	258	634	310	261	625	243	259	665	554	3	260	494	631	309	292	459	314
167	457	530	447	358	389	168	169	100	206	570	166	529	162	193	194	9	188	359	249
346	235	41	226	574	609	553	200	182	559	410	404	175	236	336	234	382	277	225	197
544	156	606	648	36	220	596	347	43	586	63	657	112	279	361	376	61	597	587	22
463	412	426	540	594	541	449	561	450	221	539	240	344	222	110	343	451	353	598	571
459	327	565	513	602	631	126	3	243	264	310	260	632	641	128	462	643	26	258	666
440	42	362	400	651	38	583	276	44	352	113	157	344	353	174	119	349	307	375	275
400	42	375	440	583	276	651	349	362	44	174	38	433	157	469	275	344	353	352	113
375	349	433	42	469	400	607	583	440	558	305	401	362	238	38	353	174	121	144	276
648	220	544	30	657	61	112	347	156	333	306	409	606	279	159	543	54	361	596	223
382	175	413	402	147	201	558	609	428	239	305	145	452	238	200	607	399	401	433	237
362	440	113	352	275	400	121	651	33	119	174	144	42	276	353	349	203	307	401	157
225	560	180	559	315	234	90	664	553	574	404	431	226	348	432	224	123	235	350	228
78	21	582	236	182	546	277	200	76	274	146	79	29	553	574	201	382	413	609	234
182	553	574	29	236	277	559	234	235	226	346	546	609	582	78	225	200	410	348	404
583	33	353	344	440	362	469	38	35	561	222	375	34	433	400	594	113	352	651	349
597	606	596	156	637	544	30	586	22	157	628	91	355	347	67	648	651	376	571	598
157	22	598	307	33	583	110	344	651	571	240	352	113	451	440	362	353	34	355	561
409	335	528	333	223	306	61	290	536	304	669	360	159	657	670	381	36	648	649	421
269	271	270	268	150	151	668	68	667	252	320	423	659	517	516	519	518	422	444	526
269	271	270	268	150	151	668	68	667	252	320	423	659	517	516	519	422	518	444	526
150	269	271	270	268	151	668	68	667	252	320	423	659	517	516	422	519	518	444	526
15	308	101	300	563	562	164	205	250	134	644	555	16	13	135	397	265	324	149	552
367	188	564	163	249	165	515	17	436	477	414	461	359	170	368	311	25	98	162	457
499	72	435	183	181	267	384	317	70	187	496	498	69	325	228	233	350	403	141	383
101	563	369	630	19	562	603	565	15	256	134	149	643	460	308	644	260	26	126	259
74	60	381	2	281	670	176	438	379	65	66	304	148	59	217	626	360	371	335	589
112	64	220	361	63	573	111	36	377	542	65	648	30	669	363	547	223	544	371	409
62	491	0	148	418	59	442	614	179	2	321	75	354	378	626	85	24	106	109	407
379	589	627	304	334	217	381	118	421	551	662	588	503	536	535	669	219	533	549	360
283	615	390	199	646	645	297	10	647	173	122	621	284	545	439	620	296	210	619	131
617	366	365	578	580	579	468	463	539	608	31	88	619	221	412	541	540	266	542	620
491	2	66	321	55	74	281	75	626	148	62	489	418	53	0	85	179	207	354	407
66	53	438	74	489	281	176	2	148	491	670	381	321	85	179	626	65	371	55	360
333	306	657	159	536	223	335	669	648	543	36	409	304	347	45	290	334	279	534	649
55	0	491	418	148	614	75	354	626	109	2	442	59	24	378	660	106	179	488	538
361	377	573	111	220	112	343	571	156	54	606	30	544	598	411	36	451	22	541	648
112	54	65	220	528	670	361	223	669	409	573	371	547	111	306	36	363	335	45	648
670	371	669	381	223	64	306	335	304	112	438	54	528	53	61	333	536	56	45	409
60	59	489	321	53	74	491	85	2	148	281	179	438	55	626	176	62	75	418	419
119	276	628	651	637	91	174	629	275	400	440	597	352	113	502	355	362	203	157	38
252	667	423	320	668	659	422	517	444	518	87	216	441	611	516	408	342	526	214	331
317	403	496	384	303	498	350	323	383	228	141	51	435	605	499	181	183	23	301	325
435	498	181	228	267	141	384	183	325	51	233	499	350	383	187	403	317	323	348	496
198	434	227	351	395	322	496	23	317	51	499	576	623	572	181	303	319	14	403	383
499	181	267	187	51	435	233	183	325	141	498	384	317	383	228	434	496	403	350	198
640	470	253	254	424	585	549	548	550	662	535	231	425	118	207	217	503	599	661	109
281	2	53	360	217	626	551	59	207	535	662	379	60	381	304	589	56	585	66	491
626	548	207	418	2	0	491	660	354	109	62	425	585	662	281	550	59	549	535	217
21	274	582	201	413	558	650	465	527	147	305	40	382	349	277	200	375	144	37	345
274	650	21	465	345	527	203	280	40	582	502	144	201	558	349	174	413	275	305	147
40	21	546	236	41	582	146	182	274	200	277	29	553	574	201	382	348	413	147	234
274	21	650	465	527	201	147	558	413	582	345	305	144	40	382	349	200	203	121	502
154	524	155	160	519	520	152	521	329	161	339	136	130	526	153	525	516	331	522	330
547	385	363	111	573	374	64	377	361	584	88	54	653	542	343	340	63	112	528	411
153	484	161	155	486	329	485	338	136	154	487	337	522	129	177	330	524	318	419	102
524	519	154	155	160	520	152	521	339	526	161	329	516	130	331	136	525	517	104	523
107	537	105	158	137	341	102	473	138	103	1	129	289	177	139	332	472	104	330	522
179	489	321	148	55	491	419	66	59	62	472	407	473	60	332	341	378	442	318	106
289	1	108	106	378	473	420	291	158	24	537	138	442	105	288	538	341	213	407	215
441	216	611	422	214	444	408	138	213	158	406	659	518	420	139	342	289	103	423	537
584	468	221	374	463	412	81	343	111	426	377	31	608	541	573	58	539	240	366	542
616	618	474	365	617	591	116	615	590	199	390	172	580	10	173	115	620	58	468	608
180	664	39	234	225	560	348	559	228	315	350	553	574	498	431	323	384	404	325	435
629	637	67	597	276	280	628	651	119	174	400	502	43	203	275	157	440	345	362	230
117	593	600	282	124	95	96	97	296	94	297	299	590	212	591	592	390	615	283	616
117	600	95	593	96	94	282	124	97	296	590	297	591	212	299	615	390	616	592	618
600	117	593	475	114	590	93	161	124	92	487	485	618	282	116	616	591	474	153	115
600	117	93	593	92	475	590	124	114	161	282	487	618	591	485	616	116	474	297	115
600	117	593	93	475	114	590	92	161	124	487	485	618	282	116	591	616	474	153	115
590	124	593	618	616	591	117	114	297	474	615	116	89	475	296	390	600	212	115	621
248	436	508	244	368	302	241	636	512	309	514	632	17	478	128	25	477	554	414	292
567	195	247	445	193	246	529	189	328	312	9	358	633	169	389	530	456	446	568	194
167	530	206	28	389	570	447	457	633	358	169	5	398	356	506	326	193	168	162	446
563	562	134	308	15	52	49	260	565	644	259	630	261	164	149	26	205	256	250	369
137	107	84	341	177	129	332	537	522	419	318	473	330	337	136	158	338	407	1	86
139	342	525	331	130	523	107	339	177	84	129	537	330	521	158	522	526	518	441	137
525	130	177	331	339	139	129	523	521	522	330	342	136	107	84	329	152	537	526	137
537	84	107	341	137	473	158	86	1	332	289	138	407	419	378	129	177	420	472	106
378	442	24	291	614	86	288	538	215	289	473	1	407	55	62	420	354	380	658	0
84	537	105	137	102	341	158	473	129	177	103	86	332	104	139	138	522	330	1	289
291	378	24	288	538	442	86	289	215	614	1	420	380	658	407	354	488	473	213	62
0	418	660	549	661	548	626	75	550	62	254	354	73	662	488	207	2	585	217	640
307	451	22	352	598	355	157	44	344	571	426	353	362	651	42	119	38	594	440	240
573	377	361	63	343	54	374	411	64	547	81	584	220	571	363	542	541	221	598	426
220	54	64	361	36	63	573	409	648	528	544	223	30	306	669	61	156	65	377	333
352	307	119	362	38	355	651	440	157	33	628	276	400	22	44	42	67	275	344	451
475	487	485	474	654	484	618	652	340	161	153	653	616	590	486	364	365	89	82	454
654	474	340	653	365	652	487	364	617	385	88	618	81	484	363	89	178	485	58	547
474	654	365	618	340	653	616	89	487	617	652	475	88	58	620	364	485	484	385	81
593	124	600	97	590	282	296	591	297	212	92	616	615	618	390	299	93	89	94	283
549	379	662	217	535	589	503	254	73	56	253	627	470	640	585	551	588	219	424	207
651	352	113	628	67	355	362	276	440	38	157	174	275	400	307	33	637	203	110	22
500	376	587	586	229	639	638	597	596	279	230	347	629	543	628	30	91	43	534	544
144	275	527	349	38	465	203	401	305	345	174	362	440	400	238	558	502	33	433	113
284	645	196	646	545	483	142	466	10	464	439	480	427	172	173	199	581	655	437	647
497	431	430	272	315	224	560	394	180	404	664	323	225	39	432	90	559	605	234	350
296	297	593	97	591	590	615	390	282	212	616	117	57	618	283	299	89	199	621	592
192	511	370	460	462	7	603	643	20	369	171	641	251	417	513	264	557	18	191	327
643	513	565	641	264	462	327	460	32	459	369	602	603	7	3	511	557	370	630	26
18	20	171	191	510	415	417	170	165	311	313	461	532	414	476	192	17	564	163	477
512	302	3	327	478	264	248	309	641	513	508	462	632	459	251	368	32	244	631	98
177	522	330	136	102	104	137	107	329	84	103	339	525	338	105	337	139	537	341	332
339	521	104	331	525	103	139	330	177	152	342	522	136	526	523	520	329	516	160	524
210	209	211	208	439	581	373	437	173	578	142	284	464	196	122	579	646	580	619	655
663	495	357	514	294	636	493	241	293	292	204	185	184	509	515	98	492	436	309	359
359	509	249	515	479	570	293	447	168	206	25	514	294	564	477	188	167	357	476	5
563	562	101	308	260	15	49	261	52	164	622	565	634	242	259	243	310	205	250	4
13	16	397	324	263	555	250	552	319	624	245	164	572	205	265	300	143	622	481	623
522	129	177	329	330	104	130	339	155	102	338	521	525	154	337	103	107	331	84	524
102	341	107	84	105	332	473	129	537	419	177	337	522	472	330	318	338	158	86	104
158	420	289	1	537	86	213	84	105	441	107	291	108	214	87	473	406	106	378	288
103	342	104	331	130	525	339	523	107	330	84	158	441	537	177	129	521	518	526	522
286	467	595	393	556	287	149	644	392	12	11	256	202	391	482	481	205	405	164	552
383	403	181	70	69	317	498	435	228	496	323	384	350	303	51	72	499	267	605	183
196	273	655	429	581	437	464	172	122	439	471	284	173	336	580	224	432	483	197	579
245	572	202	552	263	319	481	623	393	555	13	135	397	250	16	205	164	324	322	392
121	527	275	203	345	465	174	349	38	305	400	650	362	502	440	401	558	276	238	375
452	238	399	401	402	433	469	607	305	450	449	222	610	37	353	237	558	413	375	349
200	78	372	236	40	546	29	41	21	274	79	382	574	182	348	201	553	582	234	76
201	382	413	558	305	37	200	465	527	401	238	402	76	175	79	349	433	121	274	582
179	491	55	62	418	2	85	59	0	626	53	75	66	321	60	489	74	109	614	281
644	256	562	630	563	15	52	101	164	205	242	134	49	250	369	603	308	552	565	300
48	47	46	269	271	270	268	668	68	667	252	320	423	659	517	516	519	518	422	83
46	48	47	269	271	270	268	668	68	667	252	320	423	659	517	519	83	516	518	526
520	160	521	526	519	339	331	525	516	130	524	523	104	342	103	329	517	139	136	518
82	484	485	486	487	161	338	337	329	136	652	522	129	364	177	419	330	318	454	332
524	329	521	339	136	160	520	130	522	519	330	177	525	129	104	331	526	82	80	103
329	524	136	339	521	160	522	130	177	520	129	330	525	104	82	519	331	338	526	103
606	30	544	43	596	648	36	220	63	586	22	347	361	597	571	112	451	598	279	628
22	307	44	651	352	113	355	110	119	33	628	451	440	362	598	276	38	571	400	67
138	537	84	86	107	105	289	1	473	420	341	213	441	139	103	137	108	106	102	378
536	543	61	657	333	334	306	534	533	649	421	588	290	304	627	669	335	219	490	279
152	520	519	521	524	526	339	516	525	331	130	154	523	155	104	329	342	517	103	136
82	153	485	487	475	484	155	154	80	486	114	329	136	338	524	337	652	522	129	177
194	457	313	169	461	188	166	564	170	28	9	415	510	367	167	168	311	50	18	532
367	50	188	564	170	461	18	414	510	17	417	311	127	477	313	415	368	20	191	249
205	250	552	555	300	15	397	263	13	16	135	49	562	644	245	324	308	143	481	134
170	311	461	564	414	510	188	17	367	477	18	476	191	415	127	532	417	249	25	50
461	313	532	415	162	457	170	188	6	510	28	564	194	311	476	165	249	9	169	447
28	447	530	457	389	358	206	100	570	169	359	162	133	5	529	188	633	249	193	194
28	447	457	133	249	359	530	358	461	188	564	389	206	570	532	479	476	311	162	170
457	194	28	9	162	530	167	358	193	529	100	389	166	447	567	168	99	247	188	313
510	165	461	311	415	18	564	191	476	414	532	188	127	17	477	367	313	417	166	20
20	127	191	18	417	510	415	192	532	311	414	476	165	370	461	313	17	251	477	511
655	196	273	580	142	122	579	480	10	608	439	578	366	483	645	266	581	429	199	545
439	580	196	655	578	142	579	273	122	581	366	131	617	199	608	645	10	284	437	210
275	203	400	276	345	440	144	362	38	502	651	121	119	67	349	33	527	352	113	465
37	609	428	382	346	402	410	235	413	200	239	147	29	197	201	452	237	471	399	145
53	453	371	438	60	65	670	381	454	148	66	56	85	74	2	669	364	489	304	59
129	522	136	330	104	102	137	130	107	329	103	525	339	84	105	139	537	338	341	521
453	371	454	653	363	385	438	364	340	547	652	65	670	53	60	64	81	381	654	54
85	148	55	491	489	62	321	59	66	418	472	2	60	0	614	53	378	419	442	106
664	560	39	90	315	225	431	234	559	404	553	574	123	350	323	228	348	226	224	497
72	70	499	141	51	267	435	383	317	187	498	69	403	496	384	228	233	325	350	434
41	277	582	609	29	553	235	40	574	410	346	226	200	236	78	559	382	234	175	546
325	435	384	233	498	51	267	228	187	70	499	350	72	348	69	90	317	496	323	403
204	495	663	493	292	132	357	241	294	494	636	514	293	666	492	27	295	554	309	665
495	204	493	663	292	132	357	294	636	241	494	514	27	666	293	309	295	262	554	98
458	387	456	568	386	635	446	531	246	569	633	388	247	326	195	445	448	567	99	190
267	233	72	499	183	325	51	435	70	181	498	384	228	350	348	317	141	69	496	434
564	367	461	165	249	170	50	311	477	17	162	414	510	457	163	476	166	359	515	25
328	99	445	195	193	567	529	312	416	9	247	246	194	358	169	6	389	8	530	531
388	569	531	328	246	386	195	456	387	568	99	186	247	445	458	567	448	446	312	193
18	171	127	510	415	170	311	532	20	476	417	414	165	461	17	477	313	564	192	25
370	511	417	20	171	251	462	127	125	191	18	641	7	513	414	368	264	126	128	302
529	445	312	567	358	99	9	389	530	247	169	28	189	633	167	457	100	447	168	166
9	162	169	313	457	166	28	529	416	6	461	8	167	415	358	188	530	168	170	510
99	445	567	247	246	328	312	189	456	568	529	531	633	446	358	386	389	9	530	388
142	172	122	655	273	439	173	284	483	581	464	645	429	480	580	437	10	545	646	579
336	410	346	235	432	609	226	428	471	429	175	29	404	224	559	182	277	574	553	37
71	227	351	395	434	322	23	623	496	572	317	319	303	14	245	576	301	69	481	143
10	645	545	480	122	390	646	615	173	172	647	284	483	439	283	57	466	142	655	580
382	29	147	37	609	175	413	582	146	346	182	41	235	40	277	78	76	558	21	236
413	147	558	382	305	37	76	465	527	582	79	402	349	401	238	274	433	175	239	607
143	393	245	623	572	481	319	552	392	263	301	14	23	555	322	595	13	135	397	205
345	275	174	144	502	527	121	400	650	465	276	349	440	38	362	280	67	119	651	33
292	184	495	185	663	132	241	493	666	554	27	636	357	295	494	262	514	309	98	294
164	250	552	555	300	15	263	13	397	135	16	49	245	644	562	481	324	143	572	308
570	447	5	167	100	28	359	133	506	530	356	398	457	389	509	168	358	249	515	293
585	535	662	425	217	626	548	75	640	551	281	549	231	2	73	253	74	503	379	550
131	373	581	439	437	372	464	578	284	173	142	646	224	429	336	404	122	123	346	29
131	581	439	437	373	464	284	646	142	173	122	372	578	429	196	224	272	123	336	404
131	439	581	373	173	437	619	578	284	142	646	122	579	580	464	196	620	621	366	655
131	439	581	373	437	464	284	173	372	646	578	142	122	196	429	224	619	336	579	123
297	591	296	390	615	283	199	299	10	89	616	590	592	480	57	645	545	124	647	618
420	291	613	289	138	406	86	538	108	288	656	1	158	408	443	106	380	611	24	658
611	408	406	87	656	613	422	138	420	441	291	289	158	443	444	86	1	538	108	380
538	291	288	380	108	658	614	106	488	24	613	378	442	443	86	420	289	354	1	656
611	408	422	87	406	441	444	138	659	420	656	613	158	289	443	518	1	291	86	423
662	535	379	551	207	585	118	589	549	626	503	56	2	281	627	640	74	253	360	421
490	501	588	534	599	543	232	533	649	639	334	503	627	421	159	589	536	587	657	290
588	490	533	627	421	503	334	589	501	649	536	534	599	159	543	290	551	232	304	118
112	36	54	30	648	361	544	63	156	64	606	409	657	61	573	306	377	669	347	223
584	412	463	426	343	31	240	541	374	377	88	571	594	561	598	468	539	111	451	573
594	561	353	449	344	450	469	610	583	399	42	145	238	452	433	240	237	401	607	402
335	306	669	61	333	304	45	381	670	409	65	528	536	159	290	64	657	112	334	36
432	431	272	404	315	123	429	560	336	226	430	225	559	39	180	497	664	197	235	464
39	559	560	234	315	180	574	553	404	90	664	431	348	432	224	41	235	123	29	346
235	559	404	574	553	346	336	432	29	39	410	315	234	560	41	197	224	609	431	182
351	395	198	71	576	434	319	322	572	324	623	396	624	263	135	13	245	23	16	397
498	350	384	435	323	70	90	183	69	325	403	664	180	141	317	348	51	383	496	605
638	120	500	376	586	587	639	629	597	596	279	91	501	534	347	543	637	218	43	649
629	280	91	120	638	67	597	502	500	637	586	376	628	587	276	203	174	345	119	596
253	640	470	585	425	503	599	535	73	551	207	662	217	533	421	548	219	589	118	627
501	599	534	218	649	490	219	533	639	588	638	543	279	503	421	470	159	253	290	587
325	267	187	183	435	70	72	499	51	348	498	228	384	181	546	350	90	141	69	317
559	574	553	225	39	90	348	560	180	404	226	315	664	41	29	431	546	182	346	228
346	29	226	410	609	336	197	574	553	404	559	41	182	175	432	225	277	200	428	382
546	41	348	574	553	40	78	29	559	182	146	225	90	39	200	226	346	404	277	560
610	399	402	607	469	428	452	433	145	222	471	37	175	375	401	266	561	449	353	594
401	145	433	402	305	452	469	607	399	558	349	353	375	610	121	222	413	37	450	42
607	402	433	610	413	37	469	428	375	558	399	175	609	201	382	305	277	145	35	452
561	426	594	344	412	598	583	44	571	222	353	42	110	221	463	31	451	22	307	343
436	98	292	132	663	514	636	495	204	244	248	554	357	508	515	293	309	294	368	302
562	134	256	563	644	149	630	164	101	260	552	205	397	602	15	308	16	565	250	557
310	260	631	32	459	666	262	258	554	565	27	261	634	602	3	327	295	632	134	259
248	632	98	368	508	302	436	251	512	128	631	309	554	513	478	17	241	327	414	3
572	143	263	552	481	623	319	555	135	202	13	397	250	16	205	324	164	393	322	300
195	456	99	567	568	445	531	446	386	569	328	387	388	186	458	633	193	190	635	312
567	99	195	445	193	633	446	456	529	358	568	312	389	530	169	328	9	189	100	326
302	508	512	244	98	368	128	309	478	632	436	3	327	631	636	17	513	414	554	25
359	515	564	133	188	477	25	479	367	509	17	311	165	476	461	50	414	514	170	168
205	164	555	300	135	13	263	16	552	397	324	15	245	49	572	481	143	308	562	319
368	417	302	462	370	192	513	508	128	244	512	632	414	641	17	327	478	511	20	264
423	68	320	667	659	422	668	444	517	87	518	216	611	441	408	516	214	342	526	139
470	640	231	73	585	599	503	535	662	425	424	118	207	217	551	549	548	219	589	588
424	73	549	470	640	118	550	548	662	585	109	661	535	217	660	231	425	503	207	599
391	604	394	497	605	467	595	430	556	303	403	301	323	405	383	392	123	141	69	272
149	630	644	52	562	563	369	603	242	101	557	15	643	565	134	164	602	205	49	460
604	391	394	467	497	595	430	556	605	405	301	303	323	403	392	123	383	427	272	482
262	310	27	26	634	666	3	295	243	459	625	32	327	264	565	631	134	308	128	309
26	262	310	634	3	459	27	101	308	565	134	264	243	327	32	563	295	666	625	641
310	243	459	565	32	134	26	563	101	262	634	3	631	327	562	308	602	264	666	126
634	262	310	27	295	625	26	134	243	308	4	666	101	459	665	563	622	3	565	32
27	666	258	310	295	261	634	243	259	3	260	625	631	26	554	459	309	32	327	665
135	13	552	397	555	245	16	572	319	324	250	143	205	164	481	623	300	624	202	322
641	327	3	459	513	462	126	128	32	26	565	7	512	511	370	302	460	478	643	631
624	622	324	4	16	135	13	397	555	250	308	316	300	576	314	49	164	625	319	205
608	579	471	366	237	578	610	399	273	428	468	655	222	452	449	580	561	594	463	402
187	233	72	499	435	183	325	70	51	181	498	384	228	141	350	348	69	317	383	496
46	47	48	151	150	668	68	667	252	320	423	659	517	516	422	518	519	444	526	520
46	47	48	151	150	668	68	667	252	320	423	659	517	516	519	518	422	444	526	83
46	47	48	151	150	668	68	667	252	320	423	659	517	516	519	518	422	444	526	520
46	47	48	151	150	668	68	667	252	320	423	659	517	516	519	518	422	444	526	83
430	123	224	431	497	394	315	432	464	560	429	404	180	664	225	39	604	336	323	605
655	142	172	579	580	196	471	266	608	578	429	366	581	437	197	173	428	439	336	237
79	21	76	650	77	465	527	201	582	147	413	558	78	40	345	305	144	200	382	349
174	203	144	345	121	38	400	362	440	502	527	119	349	651	465	67	113	352	33	650
651	400	174	440	67	119	362	33	38	203	637	352	113	157	34	628	91	345	502	144
182	582	609	41	410	413	40	235	29	239	382	346	175	200	37	76	201	553	21	226
550	548	661	660	425	640	73	585	488	207	75	253	424	109	354	231	470	254	658	549
347	534	657	639	543	648	376	596	649	159	333	586	61	587	544	36	30	638	536	306
502	629	203	345	91	67	174	275	650	276	400	144	637	119	230	527	651	465	440	121
74	2	207	360	626	551	217	535	662	59	75	53	585	379	425	589	491	304	418	290
124	296	593	117	297	97	299	57	615	390	591	592	212	590	616	618	621	298	199	566
390	57	615	647	199	297	592	299	296	645	646	10	545	212	298	466	122	480	12	287
122	646	466	645	427	464	196	545	483	142	439	581	482	647	287	10	437	480	272	429
601	298	11	125	557	603	642	643	630	256	369	192	460	602	20	126	370	511	462	149
556	140	595	467	405	482	392	391	12	393	604	257	301	255	427	481	14	466	202	644
12	466	482	427	647	405	556	140	467	483	545	284	604	646	595	257	645	391	122	255
538	24	108	442	380	106	378	215	658	488	354	614	420	1	86	443	407	62	0	213
1	420	86	108	138	378	106	24	158	442	213	538	537	105	407	473	215	84	341	107
536	533	421	360	304	335	333	627	649	159	551	334	588	589	306	61	503	45	219	534
538	108	215	24	106	378	380	420	442	86	658	213	1	614	488	443	613	354	407	138
204	495	241	663	132	554	666	185	636	184	98	309	27	514	357	262	436	248	493	631
509	514	492	515	357	132	359	133	663	493	636	249	570	479	495	5	206	241	25	398
357	514	509	132	636	493	495	515	663	133	479	359	492	25	249	185	241	477	98	309
27	634	625	262	665	666	261	494	258	314	310	4	243	259	260	316	554	622	631	204
212	390	283	615	591	124	592	57	199	590	593	616	647	10	645	618	545	89	480	646
212	390	591	615	283	124	57	199	616	590	592	618	10	89	645	647	545	593	480	646
592	11	285	12	647	283	287	601	140	286	466	545	646	645	256	482	149	603	125	19
592	283	212	390	647	615	57	591	12	199	11	124	545	645	10	285	287	646	480	466
250	555	205	164	49	15	135	263	13	16	324	397	552	481	308	245	572	265	562	623
14	392	23	391	595	623	481	322	393	202	255	572	245	556	403	496	143	257	317	605
248	512	508	128	368	478	309	244	98	251	632	327	3	513	17	264	414	462	641	631
403	317	496	69	23	605	383	391	14	323	141	255	322	392	623	198	350	384	257	498
536	335	381	334	669	627	421	290	223	589	159	533	61	333	56	360	588	551	379	670
558	401	349	238	201	413	147	465	527	433	121	144	375	145	402	607	37	382	35	469
61	223	669	333	335	159	536	657	45	334	409	381	290	36	648	543	65	421	670	533
110	352	113	157	355	22	451	44	598	651	119	362	344	440	38	628	33	571	42	353
134	49	101	563	15	562	261	164	250	260	205	300	265	622	259	52	4	16	634	397
512	478	128	248	302	508	3	636	98	666	327	368	244	262	631	264	632	554	27	292
243	260	262	258	666	459	631	32	27	261	3	634	259	327	554	295	26	565	264	134
476	170	165	414	477	461	510	17	564	191	532	18	415	188	25	367	249	127	417	171
529	193	445	358	389	567	99	530	195	9	189	247	633	28	326	169	167	328	168	447
415	510	461	166	162	170	532	18	127	194	6	8	165	191	188	564	20	171	476	9
665	625	4	577	494	634	295	622	575	624	265	261	27	396	262	576	258	666	310	324
560	431	225	180	39	404	664	559	224	123	432	90	226	234	574	553	272	497	430	336
622	4	624	577	625	665	265	634	576	575	396	295	16	397	324	13	135	494	261	134
496	69	403	303	383	51	384	141	498	350	499	323	228	435	181	23	70	605	198	183
332	419	489	341	337	102	137	407	105	473	85	338	107	537	66	84	129	177	378	472
572	263	245	143	13	135	397	552	16	324	395	351	555	623	202	481	227	250	624	322
423	659	252	667	422	444	68	517	518	87	216	441	611	408	668	516	342	523	214	526
489	407	59	491	85	55	66	442	419	332	179	62	378	24	148	60	341	2	473	106
23	623	14	572	481	198	245	301	555	351	395	263	227	319	143	303	392	135	71	13
350	228	605	403	498	69	384	497	664	180	383	90	317	123	141	435	496	303	70	430
135	13	16	397	263	624	555	265	250	319	552	572	245	622	300	164	205	395	351	143
183	233	435	267	187	70	498	348	384	228	51	350	499	90	72	546	181	234	69	236
633	389	635	356	446	530	358	447	506	5	100	206	167	568	312	28	445	570	193	456
264	3	459	513	32	641	128	126	462	631	512	565	632	302	310	26	602	478	248	309
189	195	99	445	567	246	247	190	193	312	531	388	529	569	456	9	568	386	416	358
136	155	177	522	129	154	339	104	130	521	525	524	102	152	160	338	103	137	337	520
522	129	177	136	130	104	339	137	103	107	139	102	84	525	338	521	537	105	337	341
342	525	526	523	130	521	103	339	104	139	516	152	520	518	517	160	177	519	129	522
419	318	341	137	102	105	407	473	337	321	489	107	84	537	85	338	129	472	177	378
61	306	159	657	536	223	45	290	409	543	669	304	648	347	649	36	279	534	533	421
627	536	588	421	589	159	304	533	219	490	290	543	306	56	503	669	61	379	657	649
223	306	304	45	669	536	61	290	381	159	360	409	670	421	528	533	65	627	657	589
432	197	235	226	346	410	404	429	224	609	29	559	315	574	431	225	553	175	560	437
419	137	332	318	341	102	522	129	472	177	489	473	85	136	486	330	107	105	84	321
522	137	419	129	136	177	332	330	102	318	341	486	472	107	473	329	84	85	105	489
130	521	331	525	104	152	520	103	330	526	136	177	139	524	129	342	522	160	329	523
653	654	385	652	363	178	364	81	547	115	453	454	371	88	438	542	111	176	116	64
473	137	105	332	107	84	102	419	537	472	407	86	318	378	1	158	106	289	337	442
331	523	139	103	518	526	525	516	104	517	130	339	521	441	152	444	520	177	330	107
377	541	426	571	598	63	573	412	111	584	221	451	361	31	539	240	22	374	110	463
353	583	561	594	42	222	240	110	450	44	307	33	449	469	113	352	362	38	440	426
203	144	275	502	174	527	650	465	121	400	349	280	276	38	440	362	67	305	119	651
235	29	609	226	410	336	197	175	574	404	553	559	41	182	432	200	277	428	382	225
279	648	657	596	544	543	36	534	639	61	333	376	586	30	159	649	587	156	409	306
234	90	236	546	325	574	553	225	39	559	180	228	664	560	233	183	435	498	41	384
375	305	35	144	121	558	433	527	401	465	400	238	275	174	440	38	203	362	33	345
228	498	384	323	69	435	90	403	664	70	183	180	317	605	496	325	141	51	383	560
395	227	198	319	576	572	71	324	322	623	263	135	245	434	13	624	397	16	143	396
113	307	119	362	38	651	440	157	110	33	628	276	400	22	44	42	67	275	344	451
344	42	222	583	594	561	450	469	449	401	238	38	33	362	433	145	440	110	113	399
488	660	0	24	658	75	288	442	380	62	538	55	109	491	661	548	418	614	108	378
628	307	113	119	157	110	22	451	651	362	67	38	440	44	276	598	33	400	571	637
506	5	206	326	570	447	633	398	100	635	389	530	167	492	446	28	509	133	293	457
294	514	636	132	293	495	663	509	493	515	479	25	133	241	185	98	292	249	309	492
389	530	28	529	193	167	447	169	312	633	457	100	445	168	567	9	326	206	247	99
133	515	249	509	479	570	293	25	514	564	206	188	447	477	168	294	367	50	167	17
551	290	421	281	304	533	335	74	536	589	627	503	535	217	379	334	45	207	381	662
63	573	377	111	112	220	54	64	343	156	36	30	544	606	411	571	409	648	528	598
440	38	651	113	352	33	400	119	276	174	275	42	121	157	307	144	353	349	583	203
547	81	385	64	371	54	542	111	573	112	178	653	65	361	670	438	340	377	63	528
652	385	454	653	178	486	340	438	453	654	176	60	547	484	371	66	81	489	670	53
617	58	474	620	88	619	580	468	89	115	116	621	618	608	173	616	578	579	340	654
579	578	608	580	266	468	58	655	463	273	31	449	471	173	412	617	594	399	221	222
564	188	50	165	17	163	477	414	461	170	249	311	25	515	510	476	18	162	359	417
508	302	248	244	17	251	98	414	512	477	478	128	417	436	632	25	309	165	311	50
603	643	460	126	630	565	52	557	7	602	641	462	459	264	32	256	513	511	19	327
511	192	462	251	641	7	417	264	513	126	171	128	20	327	460	125	512	302	478	643
65	670	438	64	381	176	363	669	547	223	54	178	53	112	453	306	528	335	385	304
146	200	29	236	574	346	234	348	235	559	404	553	41	546	382	78	226	225	40	147
578	452	581	437	145	131	175	449	399	37	428	450	471	382	402	579	147	238	209	210
584	411	111	221	573	343	571	412	426	63	361	240	81	598	88	463	541	22	451	44
35	433	349	607	469	558	305	401	238	42	34	583	33	239	402	400	413	610	353	121
586	587	639	500	120	279	596	347	638	543	648	657	534	544	30	229	597	156	36	43
343	573	63	111	361	571	598	411	426	541	584	451	54	112	220	22	221	412	606	156
106	442	108	24	288	86	291	407	538	614	289	1	473	55	215	62	354	420	341	321
56	589	217	118	662	627	535	551	503	421	334	304	549	588	585	533	207	360	219	626
658	488	538	443	288	215	291	354	613	24	108	660	661	614	442	106	0	420	213	109
304	669	670	65	335	223	306	56	53	536	334	589	627	360	290	421	61	333	159	371
37	147	201	413	200	175	558	609	402	305	582	239	29	277	238	145	428	76	346	401
141	403	69	317	181	70	303	496	323	498	228	350	435	51	605	255	499	72	497	257
498	350	228	435	183	69	323	70	51	317	325	403	496	90	499	664	141	267	181	233
547	81	363	653	438	340	371	364	178	64	670	111	528	65	573	652	54	453	176	112
531	568	458	456	186	569	246	446	635	195	190	247	445	633	448	567	326	99	328	312
458	186	568	456	531	446	635	569	246	195	633	247	448	326	445	567	190	99	312	328
569	531	190	246	568	456	458	186	195	328	448	445	247	446	99	567	635	189	312	633
530	358	28	167	447	633	193	100	529	326	169	457	312	206	168	445	570	567	247	9
615	297	283	199	57	591	212	10	296	645	616	545	647	89	480	646	618	122	173	299
595	255	257	301	556	604	303	467	605	405	14	23	403	497	481	623	202	383	323	69
595	301	481	14	623	202	23	556	245	143	322	572	303	467	255	555	257	552	263	205
202	481	143	245	595	623	301	572	552	14	263	467	23	205	555	319	164	250	322	556
430	497	604	257	255	123	272	605	431	323	405	224	427	464	315	560	664	180	403	556
351	227	319	576	198	572	324	71	322	135	263	624	13	623	245	16	434	143	555	265
576	575	577	316	624	227	351	314	622	265	4	324	319	665	16	135	13	625	434	71
16	13	135	263	324	552	250	555	319	164	624	205	245	572	265	143	622	300	481	15
5	570	506	206	100	492	356	447	293	509	167	359	515	50	457	133	28	530	249	633
452	145	610	237	238	469	607	222	433	449	450	428	353	239	37	594	561	305	375	175
440	276	174	362	33	651	38	275	203	34	349	119	144	35	121	352	113	42	345	67
238	305	145	433	349	121	558	452	469	607	353	375	144	38	42	413	527	147	450	465
145	607	452	238	37	237	433	239	610	469	413	428	558	305	175	382	201	375	147	222
69	317	383	303	496	141	323	350	498	605	384	228	70	435	51	181	255	23	301	497
559	226	225	315	560	432	431	224	39	574	553	336	234	235	180	346	123	29	664	90
604	556	482	257	391	595	255	427	394	286	467	605	430	392	497	301	287	272	466	303
214	611	613	216	213	656	420	443	138	291	289	87	215	380	422	1	538	288	658	441
442	321	378	24	1	341	106	108	473	332	289	86	288	55	419	105	318	489	491	354
611	216	214	422	87	213	441	656	138	613	444	420	659	443	289	158	291	1	215	86
45	528	333	223	61	306	335	36	112	648	220	64	657	347	669	544	159	361	536	290
197	609	235	346	336	226	175	428	277	182	29	432	41	553	574	37	471	404	559	239
374	377	573	63	571	111	361	343	598	584	22	426	606	240	156	44	221	451	43	544
221	463	426	31	584	240	343	541	594	561	598	571	344	451	377	540	110	222	539	449
201	558	147	382	37	305	402	76	582	239	433	607	238	401	349	175	465	200	375	527
17	477	311	165	170	476	368	18	191	564	510	367	25	461	508	188	127	251	249	171
510	313	170	532	191	18	127	461	311	165	171	476	166	20	564	188	162	6	477	17
8	9	6	194	189	313	529	193	642	162	169	166	99	312	567	445	457	358	510	461
20	18	127	171	191	251	192	510	165	170	17	368	311	370	477	476	461	163	367	508
0	626	109	62	2	75	491	549	55	148	548	660	662	217	207	354	59	535	585	661
332	318	341	337	489	137	85	473	321	102	407	338	105	472	107	179	84	537	378	129
289	1	138	291	213	86	108	288	538	24	158	215	378	106	443	442	406	613	380	537
533	627	588	536	334	290	589	503	219	551	304	159	649	360	490	379	335	534	333	218
216	611	659	87	408	444	214	441	406	320	518	213	138	656	420	158	613	252	517	342
659	320	252	667	444	87	518	68	517	216	441	611	408	342	214	516	668	526	139	523
254	73	470	253	640	549	118	550	599	585	548	231	661	662	535	503	278	109	217	660
585	207	640	548	231	535	550	253	73	662	75	278	470	217	551	626	549	660	503	281
412	240	598	343	571	31	221	463	541	451	594	561	110	584	344	377	22	44	307	540
482	466	464	405	604	284	394	483	287	257	430	272	556	255	467	122	497	123	646	391
175	471	237	402	609	37	239	197	410	399	452	610	607	382	346	145	235	336	413	238
432	224	336	197	437	272	142	464	404	431	226	315	410	581	235	471	346	123	560	430
497	394	272	123	604	224	257	315	605	255	323	560	180	464	664	404	39	225	427	405
315	560	123	224	180	404	272	225	39	664	497	559	90	226	234	574	553	336	323	394
224	336	404	226	429	315	197	560	235	559	346	225	272	39	410	123	574	553	180	29
607	469	375	238	401	402	35	349	305	558	610	145	239	399	42	353	583	237	413	452
71	198	227	351	395	499	51	72	181	496	317	576	322	23	69	396	187	267	319	623
70	498	183	384	228	325	51	267	350	499	233	181	72	187	69	141	317	323	403	383
98	244	241	248	368	508	50	302	632	514	636	367	17	515	554	512	477	292	414	309
581	429	142	336	464	224	432	197	471	404	346	272	235	226	273	428	123	431	196	373
670	371	60	65	53	176	385	381	547	528	64	66	223	178	335	363	669	74	45	304
173	581	131	142	196	122	210	209	655	284	578	580	172	211	273	579	464	646	373	366
362	38	400	33	651	113	352	276	174	119	275	42	121	157	144	349	203	307	583	34
87	518	138	216	342	158	139	611	103	408	422	214	537	523	213	420	84	517	331	107
24	378	108	106	288	407	538	291	354	614	55	62	86	1	289	215	491	0	488	321
613	380	658	488	538	288	291	215	656	420	406	213	354	108	24	289	660	661	1	106
518	87	422	216	659	611	342	517	408	138	523	139	214	103	423	158	331	516	406	320
567	99	195	247	193	312	529	358	246	633	389	189	530	328	9	568	456	169	326	28
635	456	633	568	186	458	326	387	247	246	386	567	195	389	530	100	99	358	531	356
167	206	28	570	530	168	389	457	358	100	133	5	359	249	166	169	509	356	188	326
455	387	569	386	388	458	186	531	568	456	190	505	635	246	504	195	247	507	326	633
222	594	353	561	145	399	344	31	238	401	469	610	583	42	402	433	237	463	110	240
222	353	594	344	561	145	399	238	401	31	42	583	469	110	610	38	433	402	113	352
110	598	22	307	571	355	157	426	44	352	113	343	541	540	344	240	628	377	606	63
145	399	402	238	401	237	610	222	469	607	433	37	305	353	428	175	558	239	147	413
178	176	371	653	363	438	364	385	65	340	652	670	547	53	60	64	381	54	654	542
178	652	364	176	486	653	340	438	179	371	85	60	654	385	484	489	66	53	148	363
448	505	387	186	386	569	388	531	504	568	190	635	446	507	246	195	326	633	247	445
568	186	387	446	246	386	531	635	247	195	633	569	445	567	388	99	326	193	389	312
28	167	169	162	447	530	166	188	168	100	194	358	389	564	570	206	461	249	9	367
186	387	568	386	635	446	531	246	569	633	388	326	247	195	445	448	567	99	356	389
32	327	3	565	264	513	260	310	126	243	631	641	26	602	128	258	632	259	643	262
369	643	603	126	7	511	641	565	264	52	513	370	630	327	32	125	557	19	26	602
170	165	510	564	311	188	415	476	532	166	313	18	367	414	191	477	162	17	127	249
641	370	513	511	264	126	327	251	128	7	192	3	643	32	512	302	565	632	478	369
412	31	221	426	594	584	240	561	541	343	449	222	468	540	539	344	450	598	571	353
272	427	429	430	224	437	142	284	394	123	581	497	432	122	431	196	483	604	336	315
527	144	121	650	345	305	349	558	203	79	275	201	147	274	174	76	401	413	502	238
427	287	284	482	646	483	545	122	647	645	12	405	467	604	286	556	480	394	196	257
595	257	556	391	255	392	393	604	286	405	301	140	394	202	482	427	303	481	287	497
608	88	463	366	221	266	579	412	584	580	31	578	426	58	240	561	594	655	222	374
433	607	610	375	238	222	399	583	353	237	402	42	401	145	35	452	561	344	239	349
253	640	73	231	599	424	585	503	254	535	118	662	425	549	219	207	217	548	551	550
428	197	266	237	175	410	399	336	402	273	609	610	452	239	37	579	346	429	235	655
341	137	85	106	378	84	86	179	419	107	105	337	537	332	614	108	442	158	407	55
341	105	86	84	137	378	537	107	106	407	332	419	158	289	1	108	442	102	24	85
116	115	365	618	617	616	89	654	340	620	114	58	653	621	619	88	652	468	590	487
114	487	485	161	116	484	115	153	654	82	652	486	340	364	653	618	590	454	97	616
311	532	170	414	165	191	510	461	17	25	564	415	18	249	188	127	166	171	367	417
17	25	414	311	165	564	249	367	170	188	461	515	368	510	508	191	359	532	18	50
512	309	302	128	508	248	368	3	327	264	98	641	636	251	25	17	244	414	462	513
25	133	249	359	515	509	311	514	17	564	357	636	294	414	168	188	165	532	461	293
10	545	645	122	199	196	172	466	284	647	142	646	427	655	273	287	464	173	12	439
623	245	572	143	14	555	392	393	263	322	202	552	250	301	23	205	300	319	135	164
405	427	287	466	556	604	286	257	394	467	12	595	255	391	430	464	284	272	497	545
545	427	466	122	196	284	645	464	142	10	287	405	646	172	429	272	647	604	394	430
153	652	82	364	454	338	654	337	653	161	340	178	115	419	318	453	489	114	475	385
153	82	652	161	475	114	454	654	364	338	115	337	653	340	116	178	453	136	155	522
652	364	337	338	153	454	419	82	489	318	85	332	66	178	179	60	137	176	453	522
114	153	475	652	654	115	82	364	161	116	454	340	653	178	338	474	453	337	385	176
658	380	354	660	538	288	661	443	215	24	0	291	109	550	614	108	442	548	278	75
321	85	66	419	179	59	318	60	332	55	407	148	341	62	337	442	473	2	53	378
218	219	588	501	543	334	533	534	627	421	159	649	639	503	536	589	599	232	657	290
55	62	59	148	2	418	0	75	626	321	354	179	442	85	281	74	109	66	614	24
293	509	5	398	506	294	570	132	206	663	514	359	515	133	357	356	249	241	447	636
663	132	185	294	184	357	293	204	514	636	292	509	241	515	359	133	479	98	25	309
665	625	314	295	577	27	634	4	262	575	666	316	204	261	185	258	622	292	184	310
663	132	185	204	292	357	184	636	294	514	241	293	309	98	666	509	515	27	248	436
317	69	403	303	51	384	383	23	350	141	323	228	198	435	605	181	71	70	301	183
430	394	123	272	323	431	605	255	257	604	315	560	180	664	224	350	403	228	90	39
228	384	350	435	70	183	69	323	325	403	51	317	90	141	383	181	664	267	233	348
51	72	267	181	187	435	183	70	384	317	233	325	69	141	228	434	403	350	383	71
587	120	376	639	586	638	229	543	279	534	347	657	218	490	596	648	30	159	544	232
218	490	219	232	599	588	534	639	543	649	533	587	334	421	159	627	470	279	536	376
345	203	275	280	174	144	67	650	527	276	121	465	400	119	629	38	440	362	651	91
589	627	421	551	533	588	219	535	253	231	662	599	217	118	379	470	585	334	640	290
455	448	569	190	388	531	386	387	186	458	568	456	246	328	635	446	195	247	445	99
455	448	569	388	190	387	386	531	186	458	568	456	246	635	446	195	328	247	445	633
356	5	206	398	570	492	100	326	447	633	167	635	530	509	389	293	133	359	28	446
455	448	190	569	388	531	386	387	186	458	568	456	246	328	195	446	635	247	445	99
248	302	368	512	98	244	478	309	128	17	251	414	25	477	636	436	632	417	514	3
359	293	133	515	294	514	249	479	357	570	492	206	25	636	132	5	447	477	564	188
170	415	18	191	461	165	127	311	532	313	476	414	171	20	564	417	188	17	477	166
370	462	7	192	641	460	264	126	513	125	251	643	327	128	369	417	3	603	171	512
302	478	128	248	309	508	368	3	327	244	251	98	264	641	632	462	17	636	631	414
327	462	126	32	264	641	459	128	632	3	602	251	565	631	302	643	370	248	511	244
636	357	294	132	293	509	25	359	241	98	663	249	479	133	495	477	436	508	17	248
359	249	509	133	25	479	293	477	636	564	294	50	367	188	357	17	570	311	98	414
526	331	342	152	520	523	521	525	160	339	130	103	139	104	524	444	441	330	177	129
526	342	331	523	444	152	520	139	441	525	103	521	130	339	160	104	423	87	659	667
342	444	523	441	331	526	139	103	525	87	104	130	152	521	339	659	520	138	422	158
520	160	152	526	524	521	339	331	130	525	154	523	342	155	104	103	139	329	136	330
152	519	160	526	524	339	516	331	130	525	523	342	154	104	517	155	103	139	329	518
339	130	152	331	525	526	160	104	524	516	523	342	519	103	139	154	136	329	330	177
129	177	136	330	137	102	104	329	130	338	107	339	337	103	84	525	139	105	341	537
331	342	103	104	516	518	152	139	130	521	339	517	520	160	441	444	177	129	519	107
154	520	160	521	155	152	519	339	130	329	331	136	516	104	330	522	177	129	342	103
104	331	130	103	339	521	342	152	139	177	129	516	520	160	136	330	522	329	102	518
516	331	152	520	342	521	517	160	519	339	130	518	103	104	139	177	330	441	444	129
465	144	121	345	650	305	349	203	558	275	174	79	201	147	401	502	274	413	76	400
409	45	223	64	335	670	112	306	333	61	669	65	361	36	220	54	381	304	648	573
193	312	358	9	445	389	567	169	99	28	194	167	247	189	457	195	166	168	6	633
389	358	28	167	447	100	457	633	169	193	206	570	168	326	312	567	445	9	247	166
386	388	568	387	569	456	246	458	186	190	195	446	445	328	247	567	635	99	633	312
415	476	510	191	311	170	461	166	165	18	313	127	171	564	414	477	188	17	6	168
421	588	290	627	219	649	503	334	589	159	551	490	304	360	218	543	333	61	335	599
649	543	279	639	159	657	347	490	218	219	588	232	333	421	61	290	501	334	587	376
662	217	585	207	551	640	503	379	549	118	253	425	231	589	73	626	470	548	627	281
159	334	421	290	304	627	333	306	61	335	588	589	649	543	669	657	219	223	360	551
105	84	107	158	341	102	473	138	86	137	1	289	103	420	332	139	378	407	177	129
288	291	215	108	380	24	658	106	488	442	614	378	354	289	443	420	86	1	613	213
31	343	412	463	426	451	221	377	110	584	571	598	111	573	63	54	594	361	307	450
31	451	110	426	343	307	412	450	463	598	449	594	355	571	344	22	113	352	561	353
343	31	426	412	451	377	571	598	463	110	221	63	584	573	307	22	111	240	361	594
54	343	363	111	573	377	361	63	112	64	547	220	31	426	451	412	221	584	81	571
657	159	639	534	279	61	649	490	347	536	334	333	588	587	218	219	648	533	306	421
30	156	648	606	36	596	220	347	43	586	279	657	63	112	376	361	61	409	333	543
645	480	10	483	122	647	466	284	646	199	196	287	427	482	12	172	142	464	173	439
236	348	78	40	41	234	553	574	325	182	146	90	559	233	225	29	39	183	200	180
363	81	385	64	111	573	371	54	112	438	361	528	670	65	542	377	63	653	220	178
660	425	585	207	75	640	661	73	109	626	278	662	535	254	418	0	253	217	470	231
662	118	217	73	254	535	109	626	585	640	418	207	379	253	424	75	470	2	425	660
661	660	278	73	425	640	109	585	254	75	207	424	253	488	470	662	535	354	626	0
360	535	503	589	421	217	627	662	533	290	379	585	207	281	231	304	588	536	334	74
263	245	397	13	143	135	250	164	205	16	555	572	319	324	481	300	202	623	393	624
574	559	234	225	41	226	39	404	29	236	560	235	182	348	90	346	315	180	664	546
631	666	243	632	310	292	262	244	248	27	98	32	309	241	3	459	436	327	302	128
250	263	135	13	300	16	324	205	397	245	552	164	572	481	319	143	623	322	265	624
595	405	391	604	286	467	392	257	255	482	301	393	394	14	605	427	303	481	140	287
602	630	643	369	126	603	565	32	513	256	460	459	462	327	632	260	264	641	631	242
305	413	201	147	349	433	401	238	465	527	375	37	607	382	402	76	121	144	239	145
225	574	553	234	39	404	226	315	180	90	235	41	29	431	664	346	432	348	236	336
315	39	180	225	431	664	404	90	234	574	123	553	226	224	432	272	348	497	323	430
594	222	344	353	240	583	449	42	450	469	426	610	31	412	110	44	399	463	598	307
134	101	15	308	49	644	164	52	205	149	242	250	260	256	630	300	16	397	552	13
101	134	308	15	52	49	260	644	630	149	164	256	205	261	259	242	250	369	26	459
188	165	367	461	249	170	311	477	17	414	476	50	510	25	515	359	163	166	162	415
459	32	126	260	643	369	602	327	264	630	513	26	641	460	3	603	52	243	310	101
211	208	209	210	131	57	646	284	467	439	466	140	283	647	122	581	464	427	287	257
99	247	445	195	193	529	246	312	358	633	389	530	9	189	169	328	446	456	28	100
456	387	458	386	186	446	531	635	246	195	633	247	445	388	326	99	312	389	193	358
388	531	190	386	246	387	456	186	458	195	448	328	247	446	99	445	635	633	455	189
206	447	5	167	359	100	133	28	398	509	457	506	530	356	249	515	168	389	293	358
598	22	451	343	426	377	110	44	307	240	63	157	541	412	411	606	361	344	156	355
245	623	319	143	263	481	555	552	135	13	322	202	397	324	16	351	250	395	14	23
111	361	377	63	343	54	112	64	411	220	374	547	584	541	81	542	598	156	363	528
553	559	234	225	226	41	39	404	29	235	560	236	346	348	315	90	182	180	664	432
396	314	316	665	4	624	622	494	625	265	395	227	634	324	295	351	16	135	13	397
396	395	227	351	624	316	324	265	622	319	135	16	13	397	4	314	263	198	71	572
314	396	665	316	494	4	625	622	624	265	295	634	324	395	27	261	16	227	351	397
366	266	608	655	273	471	373	173	58	439	449	468	452	399	463	142	428	437	450	31
366	608	266	655	273	471	468	172	173	399	428	142	463	237	449	452	58	610	222	439
655	366	608	273	173	172	266	468	196	142	439	617	58	471	437	463	365	428	122	429
437	439	142	429	464	131	196	209	373	336	655	273	471	224	432	197	173	122	284	272
277	76	182	21	413	40	201	382	609	200	41	78	558	274	147	37	79	239	175	29
42	344	353	33	561	469	222	44	594	35	240	440	362	433	375	34	38	610	307	113
221	412	374	343	426	463	377	88	240	111	571	541	573	411	31	598	63	468	561	539
535	207	640	425	662	231	253	217	73	548	551	470	549	503	626	118	550	75	379	281
376	596	120	597	500	347	279	30	544	639	43	156	606	648	638	657	36	543	628	229
500	376	639	120	543	279	347	657	534	638	648	596	501	490	159	218	30	544	36	229
219	627	421	533	334	490	503	218	536	159	649	290	543	534	304	551	501	379	599	56
627	379	421	503	334	56	551	533	304	217	219	536	118	535	662	290	360	490	159	381
616	618	97	89	297	124	615	474	212	116	390	114	296	115	365	617	199	620	475	621
297	212	615	390	616	618	89	296	124	199	283	57	10	97	474	645	480	617	365	620
299	298	283	296	647	11	297	12	212	390	285	57	287	615	545	645	199	646	466	140
117	124	97	296	297	212	600	616	282	615	618	390	89	299	283	57	474	114	199	116
561	222	344	353	449	450	240	583	31	42	426	469	412	463	110	610	399	44	307	145
392	391	556	301	467	393	257	255	604	14	286	405	481	202	303	23	623	143	605	245
586	43	544	347	156	606	30	279	376	648	36	587	639	657	638	637	543	120	220	534
637	43	91	628	67	586	629	606	157	156	119	651	276	355	376	30	22	544	120	352
571	22	451	110	44	426	307	157	240	343	377	344	355	63	412	352	113	541	561	594
470	253	231	503	219	232	218	501	588	640	490	533	73	421	424	649	627	585	118	535
117	96	94	593	95	97	590	124	475	114	591	93	92	618	616	297	282	296	116	212
125	285	642	192	20	370	603	511	171	460	127	643	557	417	369	462	18	8	11	251
32	557	565	513	126	459	643	631	327	632	243	630	260	369	264	462	310	3	641	460
369	643	460	630	126	52	565	557	7	256	19	462	641	511	264	513	32	459	125	563
257	394	255	405	391	556	430	497	595	467	482	427	272	123	301	323	303	392	403	431
323	403	497	303	69	350	255	394	391	257	430	317	496	228	384	664	498	123	383	301
156	30	544	43	596	648	36	63	220	22	586	597	571	361	451	347	157	598	628	355
433	469	402	239	375	237	238	399	401	558	145	35	305	452	413	349	37	222	583	42
266	579	468	366	580	655	578	273	463	471	172	237	221	412	222	399	594	561	31	449
410	175	346	235	29	277	37	182	382	428	197	200	226	41	336	582	239	413	201	402
237	469	399	222	402	433	452	239	145	238	561	353	375	583	594	401	449	42	428	344
216	408	214	422	87	406	213	441	444	138	656	420	659	158	289	443	291	215	1	86
500	587	120	639	543	54	220	490	657	542	669	376	36	334	648	30	159	218	586	65
443	656	380	406	213	215	658	291	538	288	488	420	214	108	289	408	24	354	106	1
106	538	108	62	215	378	442	0	24	288	55	291	658	354	488	380	109	418	491	86
390	297	57	591	199	283	212	10	296	89	645	545	173	646	480	647	122	620	621	590
89	591	474	590	365	116	390	620	621	199	297	115	619	173	212	57	10	58	580	97
365	58	580	366	620	173	619	468	608	578	579	474	88	621	89	655	172	463	266	273
89	474	590	116	365	591	620	621	115	390	619	114	199	58	173	297	97	580	654	57
58	617	365	173	210	131	439	578	366	580	579	211	373	209	474	208	581	655	608	618
617	365	58	173	474	210	618	580	616	439	366	578	131	579	89	57	615	211	199	655
617	365	58	173	210	618	474	131	616	439	580	578	366	57	211	615	579	209	89	199
4	265	316	16	314	324	397	634	13	135	308	134	665	261	576	250	263	295	577	555
572	481	245	322	14	23	143	202	263	319	301	555	392	393	552	135	198	351	13	324
265	324	16	135	13	397	4	316	576	263	319	555	250	395	314	552	351	396	308	572
665	634	295	314	4	494	261	27	262	316	258	577	310	666	265	259	243	260	308	575
2	75	418	207	217	662	549	535	0	281	548	491	109	585	74	62	59	379	425	55
589	421	334	588	533	503	536	219	304	379	551	290	56	159	490	217	360	118	535	218
355	119	67	352	113	651	157	307	597	276	637	22	362	440	110	38	43	451	91	174
91	67	280	637	597	276	502	174	119	230	651	203	400	275	345	43	440	586	157	362
256	369	603	557	643	565	52	149	563	602	562	126	101	460	644	32	260	134	242	459
554	243	32	310	459	666	327	3	513	602	128	244	248	262	260	302	264	309	512	565
244	513	248	302	327	128	32	554	251	368	508	512	98	602	459	3	436	264	462	309
446	326	389	530	100	358	247	567	445	193	167	568	456	356	28	447	99	206	312	195
625	295	261	27	4	262	258	665	310	314	622	260	259	243	666	134	316	494	308	26
446	458	568	186	326	456	387	356	386	506	247	389	246	100	530	531	445	358	567	5
514	357	132	98	294	25	309	515	508	495	241	248	663	478	479	293	512	292	302	477
597	91	67	276	629	43	651	628	157	119	400	174	440	355	33	352	113	22	362	44
229	376	586	120	587	279	500	596	232	534	347	501	649	543	597	218	657	230	43	490
587	543	376	534	279	500	657	347	490	159	586	218	649	501	648	120	219	61	588	596
73	253	585	470	231	425	535	662	548	207	549	254	424	550	503	217	118	599	551	278
264	462	327	126	513	3	7	511	128	459	370	32	460	565	512	26	251	478	302	369
8	313	416	20	127	415	171	6	18	510	191	194	417	532	170	192	162	461	125	9
369	603	126	460	565	630	557	602	462	513	32	264	459	7	327	511	52	370	260	3
149	256	562	15	164	205	563	101	49	52	250	630	134	242	552	300	308	555	397	263
545	10	122	199	480	284	466	483	196	172	427	142	287	173	439	464	482	12	655	581
284	122	466	545	427	10	196	464	439	199	483	287	142	480	482	173	581	209	131	172
545	466	287	12	284	10	122	480	483	482	427	199	283	286	140	405	196	464	467	556
36	544	657	30	347	220	61	279	156	333	543	606	596	306	159	112	409	586	639	376
534	533	159	290	543	536	421	588	219	279	333	490	232	657	218	334	61	347	639	627
345	527	465	203	79	144	274	502	76	174	77	275	349	121	558	305	280	400	21	201
276	440	119	362	400	352	113	33	157	38	67	174	307	628	355	275	44	637	42	34
364	454	340	486	178	484	385	453	487	438	176	363	115	547	485	81	371	60	66	489
340	385	178	363	364	547	81	453	454	371	115	438	176	542	64	111	88	670	54	65
340	115	364	116	385	178	454	474	363	453	81	487	547	484	365	486	88	438	485	371
273	172	580	579	142	196	608	578	266	366	471	173	581	439	429	437	468	428	122	197
613	406	443	213	214	215	380	408	291	538	611	488	420	288	216	108	289	614	24	661
61	543	159	648	333	347	279	36	306	534	639	536	649	334	669	544	587	223	30	335
380	488	538	288	215	354	443	291	660	661	24	108	613	614	0	442	109	106	550	378
423	422	320	444	87	216	611	252	408	441	518	214	517	667	406	342	68	138	516	213
550	548	109	488	354	0	75	278	658	418	549	626	425	73	380	207	62	585	640	254
550	548	109	278	488	658	73	254	0	354	549	75	640	380	424	425	418	585	626	207
535	217	585	207	549	118	379	551	640	626	503	253	73	589	425	548	231	2	470	281
132	495	493	292	204	241	357	185	184	514	294	636	293	492	98	509	515	436	309	554
180	90	39	560	315	225	431	234	350	323	559	228	123	404	553	348	574	498	384	497
625	314	494	295	634	4	577	27	316	261	622	262	575	258	265	624	310	259	243	396
262	27	310	554	631	295	243	258	309	3	292	634	261	459	260	32	327	128	632	248
252	320	423	68	517	659	518	516	444	422	526	342	441	87	519	331	523	520	216	152
68	252	320	423	517	516	659	518	519	526	444	520	342	152	331	160	523	422	441	521
306	223	381	304	335	65	61	536	333	159	334	657	64	45	36	290	112	627	409	421
65	381	223	371	335	64	438	306	528	304	53	45	112	61	409	333	54	536	56	334
