plt_cn	subp	refVOLUME	predVOL_k1	predVOL_k5	predVOL_k10	predVOL_k15	predVOL_k20	predVOL_k25	predVOL_k30
100231500010661	1	269.054	2469.962	2056.041	1545.8943	1549.191467	1940.45975	1696.24532	1618.0632
100231500010661	3	202.262	85.474	1903.958	1327.1618	1616.343333	1550.99315	1716.75916	1837.757133
100231500010661	4	1181.411	551.937	2277.4562	2029.4286	2025.214067	1858.221	1812.52364	1745.2339
100231546010661	2	3233.763	1334.121	1045.9406	1271.7731	1326.341333	1421.18695	1461.84736	1369.967433
100231546010661	3	1436.861	143.631	1793.5222	1601.294	1406.820133	1619.4872	1691.04384	1768.694667
100231546010661	4	361.615	190.967	1052.1844	1597.6543	1582.898933	1455.4096	1492.7872	1535.829767
100231667010661	1	518.637	18.827	914.5434	862.4604	1056.133533	1138.20865	1269.46304	1357.735233
100231667010661	2	567.543	1199.107	1472.3572	1534.2306	1598.619867	1506.53225	1673.10348	1693.847567
100231667010661	3	686.183	857.511	1378.3746	1043.1277	1388.292267	1398.28695	1445.47744	1508.3135
100231667010661	4	620.097	1293.42	1002.5196	947.1501	979.634933	1228.06045	1253.28136	1328.592867
100231775010661	1	471.722	1364.99	2619.5344	1871.2964	1943.900267	1806.3345	1786.32352	1746.180833
100231775010661	2	513.031	3698.568	2198.8982	1743.3821	1829.543	1775.5936	1979.1122	1917.3046
100231775010661	3	1401.401	658.932	1537.828	2468.5584	2017.661	1873.675	1845.93312	1927.084033
100231886010661	1	5129.201	1758.791	1224.9716	1715.1605	1549.198867	1442.23275	1479.53392	1573.6902
100231886010661	2	1572.783	2711.169	3010.6896	2517.5485	2161.133867	2007.12905	2139.2506	2126.490467
100231886010661	3	1171.954	2602.014	1069.8236	1203.0821	1432.020133	1520.0839	1370.09776	1451.0933
100231886010661	4	348.98	1767.006	1268.8564	1715.1605	1429.123467	1480.98365	1417.116	1556.012833
100231983010661	1	1581.416	1258.265	1381.3394	1159.0867	1164.546733	1438.46465	1462.48056	1404.051567
100231983010661	2	2247.979	1295.433	1249.5824	1592.378	1434.056	1495.0795	1409.4088	1442.896733
100231983010661	3	4135.511	3077.643	1516.1002	1260.7169	1439.6464	1490.0666	1497.80188	1521.3761
100231983010661	4	1975.53	1295.433	1846.231	1589.4919	1596.769067	1439.97865	1479.2768	1473.017567
100232137010661	1	1951.886	7765.525	2904.106	2210.9324	1953.366	1771.7822	1955.9908	1935.363867
100232137010661	2	2518.61	1672.637	1284.4866	1210.6633	1393.413267	1432.1729	1534.54372	1445.9431
100232137010661	3	2711.169	1572.783	2672.0602	2553.0577	2438.943533	2168.5287	1880.31396	1895.826667
100232137010661	4	2568.025	6424.234	2230.5988	1406.1513	1164.731867	1380.19765	1441.16628	1470.307033
100232251010661	1	1408.112	716.412	973.5288	1230.376	1292.623267	1318.44795	1411.62904	1477.2197
100232251010661	2	1426.474	2281.02	1703.3174	1869.3949	1768.3406	1673.21605	1542.1612	1472.3011
100232251010661	3	1207.823	2728.908	1790.2088	1895.0303	1901.180533	1755.80515	1640.40776	1550.713967
100232251010661	4	394.867	1698.176	1404.8362	1272.391	1067.234467	1147.61375	1176.82844	1122.049267
100232355010661	1	48.353	2209.223	1822.6436	1766.6688	1746.8034	1658.4609	1532.49204	1718.760733
100232355010661	2	1866.177	2501.267	2017.549	1903.776	1875.821467	1886.0783	1772.57712	1621.300633
100232355010661	3	138.486	740.703	1974.1116	1744.9974	1669.9536	1525.74285	1612.51856	1568.9578
100232355010661	4	1722.608	169.977	1068.5052	1381.4496	1406.276867	1515.7303	1644.7452	1595.031167
100232436010661	1	1005.485	1535.026	2217.2916	1710.8104	2007.134533	1958.20905	1971.40104	1909.468367
100232436010661	3	54.086	2563.054	1829.1548	1883.191	2035.251467	1976.4831	2151.3106	2120.787067
100232436010661	4	663.887	491.748	1625.142	2237.2332	2109.825267	2291.2792	2275.7768	2102.460267
100232530010661	1	1156.148	3994.907	2134.4906	1884.7149	1467.8876	1724.4043	1632.90968	1873.248733
100232530010661	2	656.761	1590.49	1691.7876	1718.0641	1618.7136	1980.62925	1898.3526	1824.909433
100232530010661	3	884.269	3471.405	2115.9026	1883.1809	2245.6998	2161.17935	2166.01068	1891.273
100232649010661	1	40.814	330.404	1404.6992	1971.258	2008.306733	2043.53785	2011.05736	2065.472367
100232649010661	2	51.973	1732.737	1849.5848	2367.1007	2618.971333	2309.671	2246.91732	2061.998133
100232649010661	3	389.398	2570.772	2139.6922	1757.7461	1865.214933	1743.5265	1819.14712	1917.153433
100232690010661	1	2539.881	2016.065	1596.8768	1566.3493	1390.963267	1325.94545	1358.3986	1475.0816
100232690010661	2	4137.541	1820.114	1569.7078	1743.3464	1424.785733	1634.8489	1501.73724	1391.8032
100232690010661	3	1810.206	1672.637	1637.914	1712.3373	1413.562	1395.6261	1440.44268	1310.0463
100232690010661	4	4702.567	13.404	1168.5942	1531.2862	1695.682133	1742.1191	1678.67152	1607.68
100232789010661	1	2425.657	3854.31	2656.4566	1956.7328	2159.651067	1986.68525	1870.90924	1756.232433
100232789010661	2	1645.564	3854.31	2656.4566	1956.7328	2159.651067	1986.68525	1870.90924	1756.232433
100232789010661	4	1541.423	1830.223	2656.4566	1956.7328	2159.651067	1986.68525	1870.90924	1756.232433
100232872010661	1	2602.014	1171.954	706.868	851.1456	1310.2982	1555.25585	1569.9438	1574.306867
100232872010661	2	3625.873	1113.695	1335.8858	1276.2769	1230.327933	1368.8251	1356.199	1359.827867
100232872010661	3	1254.457	2755.615	2226.349	1980.4516	1958.098	2021.01815	2134.74264	2184.229433
100232872010661	4	3077.643	822.01	1367.6612	1245.378	1373.393533	1566.4802	1462.1106	1482.741933
100232990010661	1	3337.472	2660.727	2423.849	1964.3069	1887.729133	1688.60165	1629.846	1525.202233
100232990010661	2	2644.57	2080.52	1420.8844	1367.3575	1750.673533	1694.53115	1620.93804	1692.7162
100232990010661	3	1883.357	2469.962	1227.3312	1994.4819	1666.321067	1623.44575	1534.0998	1712.358033
100232990010661	4	2870.896	299.96	289.6982	838.2133	1294.112333	1404.6664	1419.55852	1472.0519
100233123010661	1	4181.234	2295.129	1180.4314	1465.3205	1498.0386	1432.65555	1481.2304	1428.384467
100233123010661	2	1200.223	2242.247	2369.748	2042.7658	1582.260933	1819.4713	1796.91136	1614.188733
100233123010661	3	4695.906	296.865	1340.2198	1827.5695	1801.979	1505.27875	1676.81316	1604.0791
100233123010661	4	1707.393	2029.711	2114.5054	1856.7608	1811.834867	1630.73605	1651.85968	1648.623667
100233238010661	1	2869.96	866.206	1973.9904	2294.5151	1970.778467	1740.831	1697.0668	1589.626533
100233238010661	2	2469.962	1883.357	1110.0102	1204.4945	1814.477133	1630.37745	1601.819	1540.795933
100233238010661	3	1073.144	2531.534	1136.79	1396.0906	1584.706267	1760.15225	1810.525	1721.679567
100233238010661	4	1127.768	2080.52	1164.9174	1728.6609	1454.543533	1901.14425	1821.34988	1799.414
102443363010661	1	583.166	4387.43	2316.0846	1743.7022	1910.909267	2155.4562	1832.87348	1796.092167
102443363010661	2	2029.711	1707.393	2289.0806	1819.5769	1901.390667	1837.2166	1792.19704	1787.9533
102443363010661	3	129.767	1842.267	1128.4664	2066.4533	2095.851667	1985.99675	2156.60052	2143.328467
102443363010661	4	512.941	332.724	1670.5044	2120.5566	2082.9014	1840.0348	1564.51736	1618.3861
102443417010661	1	932.492	3773.093	1663.5718	2373.6711	2295.3138	2254.97015	2218.8552	2078.082367
102443417010661	2	3119.54	3766.946	1754.3868	1587.5267	1929.471933	2139.66155	2122.51704	1987.987633
102443417010661	3	1719.464	1865.211	1705.729	2354.3709	2229.4076	2047.89675	2070.48208	1941.883167
102443417010661	4	2286.658	2755.615	1327.8172	1700.6796	1777.482933	2057.8746	2114.64928	2144.204333
102443420010661	1	2891.682	156.639	1379.729	1302.9734	1369.1792	1468.8151	1396.42676	1302.758767
102443420010661	2	2660.727	5595.127	2384.1264	1999.0277	1604.531733	1534.26235	1543.00684	1724.187367
102443420010661	3	1948.655	551.937	1085.2714	1065.6136	1537.182333	1644.58295	1592.74712	1529.061967
102443429010661	1	7765.525	1951.886	1349.4486	1319.9047	1403.9742	1544.4215	1539.62936	1754.105767
102443429010661	2	1778.42	946.909	2029.3112	1860.2257	2316.338867	2386.5237	2152.3316	2118.4755
102443429010661	3	1732.737	51.973	1298.0466	1692.1779	1870.276933	1796.53005	1783.05604	1732.239267
102443429010661	4	4059.267	946.909	1212.8028	1319.9047	1624.5096	1837.6929	2223.01276	2047.662133
102443432010661	1	1210.742	1244.823	945.1896	996.7738	1196.007267	1210.47705	1078.62456	1256.018267
102443432010661	2	1675.777	1087.76	1746.6078	1750.7752	1629.7138	1520.8279	1732.67176	1581.7895
102443432010661	3	2439.437	2861.076	1356.562	1215.6473	1132.980333	1285.6311	1322.595	1374.579333
102443432010661	4	902.727	251.866	945.1896	1069.61	1101.971733	1181.56225	1177.76736	1234.170533
102443435010661	1	755.842	6120.749	2569.5992	2635.487	1884.300867	1775.74615	1648.75156	1788.0331
102443435010661	2	1793.213	144.93	910.2138	1546.2215	1664.238	1751.66795	1653.715	1714.694067
102443435010661	3	1018.944	85.474	870.9554	1441.5316	1812.080733	1526.62645	1822.92344	1856.950833
102443435010661	4	4108.934	823.824	1873.9902	1720.7886	1765.9108	1548.44865	1809.03204	1633.186233
102443441010661	1	1256.073	2300.149	1423.6318	1209.4367	1448.043	1491.19945	1566.93492	1768.3179
102443441010661	2	2369.098	502.749	2685.6972	1855.6537	1740.192467	1643.92075	1640.8988	1557.497967
102443441010661	3	2352.484	2633.38	1311.507	1615.8019	2148.3786	2193.92	2085.43904	2001.640967
102443441010661	4	1676.774	436.752	828.259	1911.8383	2481.329933	2521.77335	2182.99924	2096.887467
102443444010661	1	2524.247	91.123	849.436	1645.9228	1594.240333	1502.02525	1655.58568	1673.2108
102443444010661	2	144.909	91.123	1202.4504	1645.9228	1594.240333	1481.5755	1640.94208	1585.4811
102443447010661	1	2350.217	760.061	908.2478	960.3812	995.203667	1155.36015	1163.20364	1337.728733
102443447010661	2	2133.995	760.061	932.7628	960.3812	1064.470067	1045.9869	1300.11356	1337.728733
102443447010661	3	1883.599	760.061	784.8558	960.3812	995.203667	1155.36015	1163.20364	1337.728733
102443447010661	4	2677.118	1242.476	1146.7638	1145.5906	1335.194267	1188.65955	1497.337	1500.1693
102443450010661	1	2654.041	620.198	891.6714	1164.3129	1112.719267	1137.4949	1289.51104	1245.611867
102443450010661	2	1276.691	176.421	1203.901	1660.5681	1411.3528	1460.92485	1344.84032	1469.838367
102443450010661	3	3000.696	1698.176	720.113	984.1508	1061.4302	1092.88055	1061.88232	1160.911033
102443450010661	4	822.01	189.986	781.262	1721.5814	1779.79	1556.0116	1419.52784	1484.709533
102443477010661	1	4644.261	3536.985	2129.5232	1613.312	1707.745467	1422.3986	1333.87712	1370.525867
102443477010661	2	1533.41	791.048	778.8974	1246.055	1104.9586	1284.27995	1597.99868	1545.050333
102443477010661	3	1028.493	467.485	779.238	888.9427	1253.813333	1328.99065	1384.68332	1337.741633
102443477010661	4	1564.395	670.817	2231.5808	1806.6357	1558.407867	1556.7416	1849.89008	1652.290267
102443480010661	1	1359.036	302.636	2163.5612	1405.9508	1498.951333	1451.1389	1424.22136	1396.625467
102443480010661	2	6120.749	755.842	2234.46	1684.2682	1475.7208	1408.2707	1394.35556	1424.865533
102443480010661	3	2405.369	161.229	816.7968	1405.9508	1310.161933	1503.96005	1574.7984	1443.790767
102443480010661	4	1695.606	269.054	1762.2034	1518.3027	1564.6078	1367.9922	1361.97032	1430.918
102443483010661	1	1766.199	423.402	1177.394	1391.5788	1582.001333	1462.4799	1641.82328	1538.998933
102443483010661	2	366.439	1191.896	1251.3914	1473.3145	1645.368533	1816.0388	1567.43288	1593.1951
102443483010661	3	2080.52	291.456	1550.2952	1424.9702	1556.233133	1531.5761	1796.34676	1644.3624
102443483010661	4	1389.663	346.604	1393.5894	1252.9715	1430.2932	1521.8093	1775.05168	1805.842733
102443492010661	1	761.869	1784.712	1901.7218	1300.4234	1279.380267	1754.7083	1694.89096	1649.2079
102443492010661	2	619.839	2883.856	2499.516	2236.9177	2125.699533	1880.9365	1685.28024	1634.890067
102443492010661	3	230.51	2925.978	2811.241	2048.6017	1665.411333	1739.40035	1612.82116	1508.610933
102443492010661	4	91.123	1143.474	1356.423	1479.7016	1422.443333	1557.6829	1759.23928	1594.085267
102443495010661	1	1572.526	2352.812	1269.5372	1617.3212	1353.090267	1275.3055	1322.04664	1381.9966
102443495010661	2	1842.267	977.092	782.2874	1113.8167	1742.858733	1705.2828	2064.1356	1957.7374
102443495010661	3	731.348	5301.807	2266.3146	1955.7933	1741.093067	1917.8757	2003.74548	1853.784867
102443495010661	4	1864.398	3859.098	2257.4104	2292.8443	2499.2502	2481.0615	2235.6004	2095.0227
102444371010661	1	3054.952	1029.608	1513.2352	1313.7293	1727.415467	1644.89605	1734.78548	1660.446533
102444371010661	3	1526.081	3526.213	2370.3486	1873.0332	1854.768333	1972.256	1750.85512	1833.844033
102444371010661	4	958.986	3167.119	1786.1656	1470.4473	1577.389467	1595.1708	1473.65652	1712.075833
102444374010661	1	1487.798	1850.006	1537.7522	1528.1255	1620.326133	1734.114	1671.99344	1791.399767
102444374010661	2	1291.941	2739.614	1708.8874	1512.9175	1471.902667	1458.6085	1493.59968	1589.004733
102444374010661	3	1295.433	2247.979	2217.3386	1759.3591	1582.699933	1505.6625	1495.9214	1407.704933
102444374010661	4	920.958	1703.197	2009.092	1478.2797	1293.6784	1429.5821	1422.20108	1464.380167
102444605010661	1	670.33	160.529	1831.2388	2114.9666	1762.5794	1505.5023	1565.25788	1523.917067
102444605010661	2	1585.307	1126.42	900.7526	1014.9574	1016.685533	1026.75405	1401.26016	1515.321633
102444605010661	3	2094.897	809.207	630.8672	1012.754	1294.800067	1138.53555	1249.7138	1321.344867
102444608010661	1	1285.229	1490.442	1164.665	1382.9419	1472.087133	1465.5735	1317.298	1376.5395
102444608010661	2	2464.39	1689.424	1372.2926	1226.9352	1151.257267	1205.88995	1230.92528	1301.454433
102444608010661	3	809.262	189.986	1115.5606	1648.3767	1480.773467	1379.84685	1380.65604	1478.1931
102444608010661	4	1758.791	5129.201	1767.354	1939.2449	1667.5074	1619.73665	1565.87348	1612.328033
55314475010661	1	2054.268	1804.42	735.8796	1379.4627	1242.927333	1393.1113	1350.41168	1300.8352
55314475010661	2	3536.985	4644.261	2631.7516	2065.0804	1821.783933	1641.84665	1400.75736	1543.334967
55314475010661	3	3444.73	955.05	895.7752	1038.5904	1807.302667	1669.32	1570.34228	1643.737067
55314475010661	4	791.048	1533.41	1039.5714	1380.775	1144.9208	1195.97345	1555.7398	1628.418967
55315043010661	1	3698.568	101.954	2337.9892	2249.8689	2038.575867	1996.78535	1836.4116	1740.482433
55315043010661	2	1948.745	2007.499	1439.248	2094.426	2256.795733	2071.1717	1992.0408	1963.595367
55315043010661	3	2503.762	1485.806	1278.785	1423.2747	1587.6626	1465.0987	1563.47636	1579.037867
55315043010661	4	1944.762	1227.936	2439.092	2136.5953	2106.455533	2116.6555	2002.6944	1970.628533
55315790010661	1	3859.098	1864.398	2430.7908	2434.575	2634.874333	2340.57015	2124.09632	2110.7855
55315790010661	2	3304.926	1477.834	1951.0734	2041.0809	1714.4176	1691.8446	1614.2666	1729.064633
55315790010661	3	4722.28	494.729	856.7016	1042.1357	1781.577867	2088.0207	1936.75376	1854.4454
55315790010661	4	1033.365	1885.742	1467.1714	1282.332	2046.624267	1973.6366	1999.32752	1967.0428
55316543010661	1	818.15	144.93	1415.5478	1556.926	1726.8164	1880.51325	1914.6974	1772.1263
55316543010661	2	2788.092	2898.567	1002.4968	1172.9049	1193.578133	1371.5929	1669.342	1645.6594
55316543010661	3	1830.223	1541.423	2390.0678	2204.8524	2150.688267	2082.23965	1942.35568	1801.251833
55316543010661	4	968.501	2425.657	2390.0678	2204.8524	2150.688267	1976.4078	1906.06508	1782.186567
55317082010661	1	2668.108	505.408	734.827	1035.8158	937.909867	1160.7479	1239.48856	1360.6235
55317082010661	2	2861.076	2439.437	1270.5062	1096.2216	1206.9102	1187.31875	1374.36304	1368.555433
55317082010661	3	1244.823	251.866	1061.7746	1070.2519	901.471467	980.3705	993.63424	1370.4479
55317082010661	4	1730.748	551.403	1061.7746	1039.2296	1032.717133	949.69915	1090.29204	1370.4479
55317585010661	1	1666.068	769.355	2415.4364	1961.9071	1927.2874	1802.6107	1672.56536	1657.804067
55317585010661	2	1672.637	2518.61	1215.1828	1245.1056	1408.2768	1369.6892	1572.95352	1648.586667
55317585010661	3	955.05	3444.73	2402.2164	2023.9448	1680.350933	1872.67755	1918.28016	2016.0165
55317585010661	4	795.991	5992.412	2779.7426	2023.7288	1592.6252	1619.38735	1616.69592	1677.888867
55318163010661	3	1027.759	2668.108	1044.21	1066.5066	1110.464	1221.95695	1218.64628	1456.3489
55318352010661	2	191.955	2439.437	1799.8576	1518.4632	1293.423533	1171.6841	1343.41768	1287.359033
55318549010661	1	1294.075	1293.42	1512.5236	1252.0457	1182.513133	1334.07675	1249.08624	1350.568767
55318549010661	2	1526.5	1113.695	1856.7426	1606.4548	1538.710533	1503.4887	1549.43468	1466.812633
55318549010661	3	1478.546	166.412	1722.5408	1734.2166	1808.364533	1694.17615	1689.03828	1529.8396
55318549010661	4	1645.041	661.591	1130.7808	1278.5975	1436.3032	1410.12045	1472.82264	1446.967967
55318934010661	1	18.827	1156.764	1229.4436	1273.4482	1218.960933	1183.80765	1260.03296	1273.231267
55318934010661	2	1698.176	394.867	950.6316	1110.7264	1145.7066	1222.4718	1202.60892	1214.3911
55318934010661	3	796.461	394.867	1259.852	1437.2267	1098.530133	1136.28105	1132.31148	1165.7448
55319095010661	1	1373.086	1686.488	1057.7894	1051.8386	1027.206467	1198.97985	1182.90996	1108.137767
55319095010661	2	661.591	536.411	1293.1888	1463.6905	1453.930733	1402.12055	1442.14604	1412.2684
55319095010661	3	3644.834	1975.53	1854.6838	1518.2222	1453.8846	1452.2287	1459.73716	1429.829067
55319410010661	1	1986.13	887.965	1631.2942	1982.2554	1659.659667	1579.89435	1534.61096	1558.188533
55319410010661	2	3314.326	578.261	1086.6002	1461.2107	1655.186	1478.32305	1311.32244	1440.6017
55319410010661	3	6508.806	3836.815	2714.6346	2900.4806	2418.750733	2013.10935	2001.06792	1885.837833
55319410010661	4	2777.19	656.761	1667.6484	1376.5409	1257.2916	1504.48805	1815.34288	1724.694067
55320990010661	1	103.528	3337.472	1791.363	1661.9845	1810.386867	1940.661	1946.68916	1953.2689
55320990010661	2	160.529	670.33	1210.0454	2248.8932	1862.432267	1569.70455	1572.64732	1493.6358
55320990010661	3	150.302	73.458	1388.2754	1712.6571	1821.622533	1831.5448	1912.91304	1816.7445
55320990010661	4	144.93	1793.213	1037.2924	1797.4421	1699.8338	1916.97935	1891.0954	1834.4611
55321221010661	1	2633.38	2346.813	1550.9994	1323.5529	2084.978933	2080.31605	2085.24416	2032.561167
55321221010661	2	1041.79	2286.658	2273.003	2249.9777	1877.861933	2165.42225	2243.2446	2154.235833
55321221010661	3	2570.772	389.398	1301.9736	1522.0049	1465.8638	1570.3945	1441.53292	1649.874867
55321221010661	4	1280.736	2426.481	1850.5862	1697.4306	2185.5078	2260.28175	2220.64476	1995.4094
55321674010661	1	2375.693	479.543	1424.89	1215.7875	1392.682667	1315.15825	1437.46392	1472.636767
55321674010661	2	1510.068	1835.666	1424.89	1251.5757	1319.2108	1448.5695	1447.71584	1408.285367
55321674010661	3	3139.485	3233.416	1883.479	2136.343	1874.263533	1776.5605	1640.56688	1626.503567
55321674010661	4	1305.968	281.256	1509.8134	1915.8281	2191.1122	2300.16015	2199.15488	2178.972533
55322164010661	1	3184.137	698.417	954.1194	1323.4756	1302.433	1285.6895	1298.18436	1314.541667
55322164010661	2	5420.147	585.09	1288.7028	910.5389	1178.065667	1043.3277	978.01116	1171.496067
55322164010661	3	3300.162	2036.132	1496.1814	1517.19	1729.187467	1548.5854	1638.70604	1503.348267
55322164010661	4	2681.939	2247.979	1794.7036	1516.8525	1458.8366	1430.4178	1345.4044	1268.2785
55322798010661	1	1850.006	1281.616	1834.725	1831.2296	1667.055867	1605.4814	1545.43256	1460.880967
55322798010661	2	1219.75	268.831	820.7764	833.6989	1242.207667	1286.6211	1303.13468	1310.210233
55322798010661	3	1293.42	620.097	1405.3212	908.5279	995.993933	1054.82725	1018.32372	1119.790633
55322798010661	4	1507.014	1276.691	1628.505	1857.383	1621.508933	1482.33415	1438.8126	1696.537
55323343010661	1	1485.806	2503.762	2108.702	1683.6106	1728.895467	1583.1789	1675.04968	1688.656133
55323343010661	2	1425.532	2175.945	1791.2784	1680.5048	1499.628	1746.01165	1545.72004	1531.4168
55323343010661	3	1865.211	1719.464	1676.5796	2289.883	2220.9508	2162.91365	2071.315	1923.111733
55323343010661	4	1364.99	471.722	2440.8808	1974.6898	1800.700733	1831.43975	1825.62316	1831.877
55324015010661	1	494.729	1590.49	1057.9226	1696.1012	1571.043933	1928.235	1996.37012	1971.19
55324015010661	2	1885.742	265.85	1296.696	1784.1796	2048.990333	2142.0729	2172.54056	2091.8847
55324015010661	3	2922.947	1944.762	1874.1904	2244.2041	2379.553133	2234.81025	2011.5862	1908.704533
55324015010661	4	1882.321	4326.481	4842.607	3180.5706	2741.589267	2482.9531	2259.8628	2126.3881
55324712010661	2	479.543	1044.314	1651.2366	1573.2321	1500.418733	1513.93465	1416.37208	1442.675567
55324712010661	3	166.412	1478.546	1984.9676	2006.4111	1895.840133	1840.90075	1741.52364	1715.108567
55324712010661	4	432.554	483.124	1428.0892	1285.813	1393.722667	1339.95565	1424.49052	1406.595
55325324010661	2	142.514	1333.527	1397.626	1201.7535	1753.120533	1586.09385	1523.14596	1488.934733
55325476010661	1	612.551	2094.897	1003.8608	1260.4699	1277.754133	1379.7409	1510.48376	1566.549633
55325476010661	2	939.064	2094.897	1003.8608	1370.2867	1420.1346	1514.9549	1629.30304	1611.602967
55325476010661	3	809.207	2094.897	1466.8968	1321.9202	1327.717467	1188.19155	1228.57972	1267.0832
55325476010661	4	215.253	2094.897	1003.8608	1190.7501	1420.1346	1295.50625	1482.00844	1410.421267
55326314010661	4	1611.129	673.611	1347.348	1589.5334	1851.120867	1895.4781	1850.29332	1794.4722
55326429010661	1	1744.023	2565.273	1518.9762	1221.3795	1319.352667	1358.90075	1633.61248	1615.5384
55326429010661	2	3927.355	693.497	1725.1106	1925.9492	1644.0048	1484.73085	1492.68072	1459.000467
55326429010661	3	1085.19	390.375	927.2574	1313.9413	1664.131333	1609.93675	1629.10536	1662.655267
55326429010661	4	1463.338	693.497	1528.1496	1911.6091	1845.34	1667.9819	1540.22052	1460.9861
55327108010661	1	1076.636	1043.294	833.0112	1006.213	1492.077	1421.87525	1550.54568	1527.219333
55327108010661	2	1058.579	1745.667	2057.387	1841.2406	1630.0778	1661.33485	1739.4208	1669.015
55327108010661	3	767.518	391.475	1525.589	1510.9848	1884.8532	1635.0155	1551.08524	1612.172267
55327108010661	4	291.456	2080.52	2348.4644	2064.2103	1833.690933	1711.3141	1571.3054	1683.824133
55328030010661	1	940.446	2300.149	1194.9688	1344.2306	1420.313133	1341.6629	1603.91648	1583.907433
55328030010661	2	289.794	478.17	1201.32	1467.0242	1618.4784	1973.6	1788.73484	1742.961367
55328030010661	3	2339.337	2399.149	1704.4658	1865.2782	1773.838867	1667.81275	1648.89588	1681.149667
55328030010661	4	229.106	2696.679	2074.9508	1786.1631	1609.8938	1692.25925	1782.05536	1751.049533
55328364010661	1	330.404	40.814	1061.33	1866.6074	1935.238067	1718.97565	2006.05256	2085.777533
55328364010661	2	1035.546	1177.887	2119.2546	1776.7287	1538.2902	1528.4844	1664.5062	1707.617967
55328364010661	3	168.261	2369.71	1539.0558	2222.3344	2029.323	2081.20685	2099.13264	1983.696967
55328364010661	4	1760.154	1921.788	3122.2118	2572.2792	2434.649467	2352.7794	2142.02592	2071.791533
55329166010661	1	2627.972	1290.493	2081.1198	1670.2343	1763.524733	1783.32795	1808.38248	1866.9112
55329166010661	2	2209.969	436.752	1743.1958	2243.9662	1858.2846	2261.8493	2306.74724	2225.2032
55329166010661	3	2258.241	303.409	1087.7254	1520.0683	1487.315067	1332.4058	1331.38764	1260.067467
55329166010661	4	1339.86	3926.735	2056.8582	1674.7154	1721.188667	1464.03965	1561.22632	1613.596433
55329663010661	1	944.802	2426.481	1812.2774	2225.8275	1998.414933	2251.7983	2238.97144	2182.532667
55329663010661	2	1206.124	1044.826	1639.9414	2026.8125	1692.7388	1802.09075	1958.9236	1921.229267
55329663010661	3	1177.887	2209.223	1190.0848	1792.5461	1826.955067	1707.7845	1523.89028	1555.603867
55329663010661	4	1295.673	2801.303	2750.9964	1920.3643	1809.6236	1805.2838	1845.03536	1780.6709
55329986010661	1	2646.879	3107.549	2902.8794	2331.0349	2148.461533	1810.47125	1715.5838	1736.363467
55329986010661	2	482.019	3096.799	2467.3194	2468.2456	2239.365533	1907.36245	1760.65032	1748.173533
55329986010661	3	700.973	5879.257	2769.3946	1999.8702	2007.962667	1966.06295	1932.31472	2094.803333
55329986010661	4	779.846	1830.672	1506.2966	1594.5024	1527.576933	1309.0414	1289.34116	1388.002967
55330436010661	1	764.384	363.9	1367.5852	1419.7588	1256.9486	1298.4746	1422.59068	1487.047533
55330436010661	2	203.217	1295.994	1092.835	1374.1093	1532.356867	1486.4896	1551.85376	1604.2298
55330436010661	3	1019.006	1536.154	1580.4422	1723.108	1752.4074	1656.8788	1566.44124	1483.111867
55330730010661	1	2240.938	620.198	995.8492	1233.4109	1201.030733	1309.3705	1421.8448	1370.4033
55330730010661	2	1227.936	2431.62	2454.9988	2217.1734	2054.015667	2044.97305	2031.36744	1908.425433
55330730010661	3	3573.093	1507.014	1329.4358	1347.1288	1557.965667	1751.7458	1696.86592	1626.281
55330730010661	4	1261.351	176.421	1206.969	1408.8815	1182.799333	1395.2098	1500.10104	1591.9803
55331123010661	1	620.198	2680.298	1917.1378	1321.1417	1440.664667	1429.4682	1394.46688	1344.2158
55331123010661	2	156.68	1689.424	1962.5878	1628.9946	1589.093	1557.9052	1481.69172	1397.602933
55331123010661	3	1226.902	166.412	1064.5006	1818.0647	1792.895533	1748.4842	1679.99584	1694.292533
55331123010661	4	1686.51	926.106	1589.5098	1436.6261	1393.399	1389.41555	1556.90156	1580.4197
55331576010661	2	332.724	1696.412	1945.7086	2289.4026	1913.949933	1860.7756	1731.80524	1581.261633
55331576010661	3	303.409	1685.363	1665.0904	1709.4505	1586.295333	1433.01885	1383.38904	1366.858133
55331576010661	4	1949.289	2803.945	1978.0882	1524.1244	1566.333067	1602.3263	1472.56984	1384.9327
55331961010661	1	174.122	1184.838	1527.904	2152.5922	2042.677533	2079.2641	2196.72556	2293.401733
55331961010661	3	270.366	2788.092	2083.5734	1394.2887	1559.544	1492.47125	1590.94368	1629.903167
55331961010661	4	136.103	1247.069	1779.1698	1992.0848	2112.961	2227.2766	2177.69924	2275.4077
55332249010661	1	1547.34	2728.908	1619.749	1599.6901	1655.064667	1442.5487	1328.99256	1334.854467
55332249010661	2	2281.02	1426.474	2024.937	1466.419	1388.9116	1430.3251	1473.43244	1425.157367
55332249010661	3	2830.699	1536.154	1269.6652	1232.4966	1402.066867	1320.24155	1364.11356	1463.8373
55332249010661	4	2575.807	1199.386	1725.5294	1490.8775	1284.165333	1322.65245	1474.2554	1449.5738
55332822010661	1	2728.908	1207.823	1553.3454	1807.5709	1879.6622	1601.96795	1562.98092	1540.859433
55332822010661	2	312.321	1758.791	2992.6224	2236.1636	1964.260867	2052.75885	1863.1848	1755.259533
55332822010661	3	1284.487	1520.16	1471.5232	1470.6588	1423.9088	1544.32195	1504.9754	1474.8141
55332822010661	4	315.648	909.937	823.7342	1500.8049	1590.072067	1639.80255	1657.86404	1681.883233
55333132010661	1	422.309	3259.403	1938.4016	2005.0786	1640.036867	1580.5189	1725.1556	1614.6589
55333132010661	2	281.256	1305.968	2211.9978	2018.2993	2137.301467	2253.96315	2318.42412	2238.735233
55333435010661	1	3094.049	2425.657	1682.2736	1558.0419	1934.4858	1719.98485	1744.05692	1584.7018
55333435010661	2	3854.31	2425.657	1682.2736	1558.0419	1801.740133	1739.8508	1744.05692	1584.7018
55333435010661	3	2020.316	2425.657	1682.2736	1558.0419	1801.740133	1719.98485	1744.05692	1584.7018
55333435010661	4	2483.385	2425.657	1682.2736	1558.0419	1801.740133	1739.8508	1744.05692	1584.7018
55334021010661	1	3476.05	2237.352	1765.6066	1647.4098	1627.4572	1625.9701	1502.50876	1594.905633
55334021010661	3	2110.701	887.965	1436.7196	1555.7924	1409.746733	1589.1368	1643.02328	1653.143767
55334357010661	1	946.909	4059.267	3496.2286	2333.628	2131.102733	2085.7172	2260.87756	2366.411267
55334357010661	2	3836.815	6508.806	3688.2208	3257.6693	2606.5438	2194.78605	2244.6982	2011.878267
55334357010661	3	964.502	977.092	2342.749	2079.9492	1670.176133	2083.25705	1973.62524	1954.6284
55334357010661	4	2414.617	2570.772	1462.8656	955.9364	1152.517133	1620.44775	1726.19892	1869.596533
55334924010661	1	1546.926	133.586	1453.5342	1325.6844	1396.364867	1547.0375	1415.90456	1507.722267
55334924010661	2	1395.718	691.942	1567.7258	1856.4005	1743.167667	1832.4721	1865.20352	1731.167467
55334924010661	3	4580.612	5681.835	2800.8326	2737.0098	2575.643067	2212.5168	2130.9142	2084.560167
55334924010661	4	5595.127	2660.727	1053.315	1476.1699	1576.0668	1335.8793	1397.68212	1506.5728
55335415010661	1	1293.536	958.986	1206.8626	1717.6824	1567.013467	1476.0759	1419.1944	1455.703933
55335415010661	2	2295.129	605.935	2007.0258	1966.502	1794.4884	1857.60995	1854.91084	1877.9176
55335415010661	3	1029.608	3054.952	1725.856	1734.3635	1700.278867	1786.54345	1813.91336	1600.8332
55335415010661	4	3660.107	2581.931	1791.8606	1474.2654	1474.0474	1532.9229	1596.72748	1684.450467
55336869010661	2	101.954	7513.096	2748.5088	2424.9137	2111.244733	2111.28545	1997.4376	1892.5966
55336869010661	3	658.932	1401.401	2196.475	2504.1635	2074.772267	1855.02935	1874.09484	2032.378067
55337034010661	1	661.719	390.375	2561.1196	1876.6843	1656.8012	1606.5922	1659.69772	1757.978167
55337034010661	2	85.474	202.262	1927.3156	2124.5559	1711.5592	1875.9821	1829.00936	1881.693733
55337034010661	3	358.357	5992.412	2324.2924	1740.2931	1303.151267	1598.703	1665.93744	1605.111567
55337034010661	4	161.229	390.375	1561.599	1913.6677	1710.6018	1708.78665	1742.56472	1713.993967
55337381010661	1	1044.314	479.543	1171.0528	1471.7061	1339.466133	1386.1128	1447.60232	1372.063433
55337381010661	2	2098.915	2110.013	1499.331	1670.0625	1475.257733	1332.27375	1417.18412	1409.994
55337381010661	3	1197.047	320.651	1303.8816	1636.0962	1536.9236	1445.5828	1365.54588	1233.699833
55337381010661	4	1955.376	1207.823	1625.6424	1876.5941	1857.978733	1708.013	1680.4992	1534.562267
55338345010661	1	3167.119	1611.129	1360.4536	1625.2472	1510.787067	1739.0657	1763.41628	1644.256967
55338345010661	2	673.611	1611.129	1360.4536	1505.2703	1527.410867	1739.0657	1761.91448	1722.2913
55338345010661	3	1547.681	1702.518	2027.8916	1947.5972	1711.6124	1912.54665	1756.71824	2067.656667
55338345010661	4	2657.655	1702.518	1815.4224	1831.4812	1646.251933	1737.397	1824.44852	1784.773633
55338801010661	1	911.276	1226.902	1296.2704	1520.2599	1751.618133	1682.1134	1616.3012	1659.807933
55338801010661	2	3209.52	1572.783	1742.4078	2243.7581	2258.618267	2161.3252	2060.09348	2011.977267
55338801010661	3	2680.298	620.198	895.5348	1236.6141	1339.1148	1388.9699	1326.57424	1316.353233
55338801010661	4	1730.894	94.919	2007.5424	1944.6548	2098.551333	2082.3607	1935.04188	1975.2099
55339480010661	1	52.465	5992.412	2384.411	1755.5814	1839.9918	1725.6516	1784.49264	1777.425133
55339480010661	2	1340.555	2253.22	2036.1422	1452.1374	1788.9058	1822.6429	2044.73096	2071.373133
55339480010661	3	196.697	2869.96	2132.9938	2454.0175	2069.171867	2150.3131	1911.02284	1722.6684
55339480010661	4	423.402	1766.199	1109.3262	1345.0893	1575.351133	1547.66925	1564.8522	1607.994833
55339922010661	1	439.114	809.262	1119.0452	1500.3174	1254.744067	1332.55185	1491.02272	1660.310133
55339922010661	2	212.897	1703.197	1403.7464	1655.7781	1695.375133	1553.54715	1449.93224	1409.659967
55339922010661	3	1536.154	1019.006	1929.1974	1696.4975	1776.3514	1701.07255	1597.56856	1515.550267
55340233010661	1	1878.867	1284.361	1113.134	1222.0617	1380.290933	1399.3772	1342.53128	1391.960867
55340233010661	2	739.015	268.831	901.0256	906.3387	1205.718533	1206.7713	1249.03564	1362.028233
55340233010661	4	2052.86	1248.861	850.9876	1014.8019	1257.597067	1354.35975	1349.78724	1302.3189
55340484010661	1	3528.434	404.823	1621.5628	1348.2474	1563.2876	1545.1843	1432.04272	1630.6257
55340484010661	2	1302.847	1712.039	1205.1836	1276.2641	1623.642533	1912.63485	2205.99344	1969.972467
55340484010661	3	2392.626	143.631	1458.089	1194.8214	1362.499467	1608.83335	1456.63852	1563.348
55340484010661	4	3773.093	2526.039	1458.3686	1866.2675	2110.910867	2080.3776	2205.85132	2105.6377
55492064010661	1	1910.372	921.235	804.6138	1763.7891	1923.313067	1687.12895	1880.57324	1804.685267
55492064010661	2	2110.726	2431.62	2209.168	2150.0515	2004.450667	1970.39105	1792.2088	1727.1305
55492064010661	3	1852.507	1696.412	2031.5512	2198.9481	1812.631067	1765.3602	1671.01392	1602.6922
55492064010661	4	1309.755	394.877	1447.816	1991.6319	1748.001467	1717.61675	1687.80208	1767.541467
55492864010661	1	4750.306	2711.169	2219.605	2077.788	1698.884133	1944.16815	1983.76416	1983.216333
55492864010661	2	3676.483	6052.928	2159.4044	2042.8834	2135.7824	2270.87535	2025.19852	1789.082567
55492864010661	3	1279.262	1758.791	1863.2598	1488.699	1660.139267	1551.54155	1543.59952	1533.4986
55492864010661	4	2426.481	1280.736	1515.9416	1835.4722	2203.790933	2016.7123	2043.08364	1950.615033
55494936010661	2	536.176	1409.85	2239.493	1538.9564	1448.4074	1444.9884	1479.17088	1438.333333
55494936010661	3	1334.121	1284.487	1502.086	1487.3253	1544.3446	1367.85355	1487.2096	1425.888633
55494936010661	4	585.09	5420.147	2047.0484	2032.8613	1809.407667	1587.11635	1504.6386	1555.172967
55495159010661	1	551.403	2054.268	1284.059	1273.0254	1452.648867	1458.87975	1571.06608	1514.005367
55495159010661	2	492.716	1804.42	1254.9708	1962.0911	1791.7908	1586.26225	1668.78996	1590.192367
55495159010661	3	556.449	494.198	658.9626	909.91	1398.037933	1255.21795	1404.43632	1480.189667
55495159010661	4	921.235	1418.702	2316.7662	1954.1906	1951.826933	1700.588	1741.88376	1699.3168
55495374010661	1	866.206	2869.96	2374.7412	2143.886	1962.960667	1945.1117	1674.69444	1614.177167
55495374010661	2	365.59	644.204	1863.9904	1532.2603	1528.495267	1569.11155	1556.73588	1571.382433
55495374010661	3	2399.149	2339.337	1896.2766	2047.269	1868.9316	1700.3636	1595.46428	1734.0019
55495374010661	4	2175.945	2696.679	1708.9734	1405.8438	1470.993933	1518.30935	1523.50596	1614.620767
55495764010661	1	1214.744	1418.702	1572.161	1814.3891	1829.9914	1884.6664	1605.8876	1527.085567
55495764010661	2	597.315	1804.42	1896.941	1761.3818	2125.0164	1846.7488	1718.00188	1650.337633
55495764010661	3	1126.42	1585.307	992.53	1050.7592	962.375533	935.7968	1190.19528	1530.601633
55495764010661	4	488.859	327.509	1896.123	1733.8145	1560.391	1389.30775	1792.29628	1794.732167
55496648010661	1	73.511	3810.962	3190.8652	2644.7494	1995.995133	1998.92325	1949.00628	1837.5676
55496648010661	2	494.198	556.449	1176.8242	1382.2661	1423.415733	1504.54485	1366.8278	1621.459733
55496648010661	3	157.758	1302.625	2235.6844	1704.1831	1533.219933	1515.8147	1723.23404	1631.015667
55497196010661	1	2446.407	981.401	1569.2378	1329.6714	1147.606	1264.79235	1325.82624	1389.655567
55497196010661	2	4326.481	1882.321	4353.775	2936.1546	2652.5924	2377.4986	2356.46608	2318.9693
55497196010661	3	2209.223	1177.887	983.8176	1718.8816	1758.199333	1656.2177	1462.40024	1473.1972
55497196010661	4	691.942	1395.718	2542.676	2186.7529	1898.5236	1587.48925	1769.24168	1987.797733
55498090010661	1	3780.618	1206.124	2016.413	1828.1772	1845.264	1761.5371	1693.077	1673.889667
55498090010661	2	2462.931	491.748	1643.9372	1661.1153	2102.4582	2155.3417	2106.99136	2014.9513
55498090010661	3	6052.928	1760.154	1696.7662	2016.4533	2089.6676	2034.71175	1963.127	1848.809933
55498090010661	4	2369.71	169.312	1177.0184	1816.2542	2036.4628	1932.81405	2011.07468	1951.191867
55499769010661	1	346.604	1389.663	1602.2012	1496.7445	1592.808533	1643.6958	1987.66876	1856.1899
55499769010661	2	981.401	2446.407	1554.0634	1460.1094	1483.103067	1607.4516	1550.47132	1703.669667
55499769010661	3	937.014	1464.811	1616.5404	2060.4867	1783.0904	1718.3269	1506.30064	1595.951533
55499769010661	4	371.528	1068.311	1279.256	1515.8504	1365.484933	1456.92245	1780.79784	2025.165067
55500421010661	1	2604.333	190.967	400.8872	1455.8415	1448.743733	1524.29145	1402.18932	1490.973733
55500421010661	2	320.651	1197.047	1476.9412	1687.1883	1609.8408	1526.27225	1349.71576	1414.913267
55500421010661	3	1064.646	96.932	591.6832	977.5378	1152.6942	1070.8641	1040.54968	1154.407233
55500421010661	4	1689.424	2464.39	1527.2858	1330.4516	1335.394333	1462.3561	1483.10392	1358.540433
55500852010661	1	729.986	1104.304	1863.1684	2309.5412	1914.5722	1797.35675	1642.97508	1628.098067
55500852010661	2	2531.534	1073.144	1202.9248	1190.2244	1353.242933	1441.4653	1567.01536	1653.901433
55500852010661	3	3471.405	1535.026	1026.5308	1801.6768	1890.260067	1977.78585	1843.19296	1842.9796
55501367010661	1	3951.961	1087.76	1543.008	1655.051	1635.3634	1488.4847	1453.73272	1492.9762
55501367010661	2	4323.852	182.306	738.9594	1054.337	1058.478267	1385.12205	1302.65048	1362.2847
55501367010661	3	5871.378	2242.247	1539.272	1351.7228	1490.394267	1409.0807	1392.3002	1305.805867
55501367010661	4	1254.146	637.504	1360.037	1336.4001	1327.508	1288.49745	1380.63776	1395.125467
55502446010661	1	1113.695	698.417	2146.9768	1605.4416	1454.070467	1469.9717	1427.51348	1372.652367
55502446010661	2	926.106	307.215	1486.013	1544.849	1291.443533	1407.12215	1386.96084	1449.597767
55502446010661	3	1333.228	976.579	1347.3492	1594.9627	1508.923333	1533.6275	1549.19244	1594.588267
55502446010661	4	1281.616	1199.107	1648.5548	1355.8878	1520.357467	1625.5175	1729.10916	1550.6471
55504049010661	2	1688.752	583.166	1844.5382	1889.5594	1812.127733	1609.50425	1597.72776	1839.735367
55504049010661	3	708.396	4722.28	2172.4398	2028.0877	1942.2976	1665.92445	1719.8358	1691.7909
55504049010661	4	474.813	1312.732	1593.365	1567.2295	1644.9672	1428.78335	1369.9658	1402.215367
55504693010661	1	1512.637	2300.149	1380.4766	1263.7559	1430.015	1514.1265	1522.58152	1416.582867
55504693010661	2	491.748	663.887	2327.445	2134.9699	1861.2234	1835.03015	1990.21308	1914.4598
55504693010661	3	2055.717	1026.234	1659.285	1662.8909	1937.951	2023.8554	1996.60272	1840.5612
55504693010661	4	1302.625	157.758	1064.1542	1730.0021	1643.042267	1573.5947	1582.55716	1749.7113
55505418010661	1	302.636	1359.036	2683.6766	1640.8832	1565.0718	1541.5796	1447.05156	1478.097933
55505418010661	2	299.96	2870.896	1329.9248	1420.6092	1246.7974	1176.7463	1572.9184	1591.927633
55505418010661	3	1017.595	1749.572	1401.009	1309.4678	1812.8326	1741.27405	1700.32684	1627.641967
55505418010661	4	974.587	52.465	1922.5054	2434.9341	1768.916667	1748.0124	1858.41324	1887.8159
55506152010661	1	1590.49	656.761	867.2894	1546.0099	1386.861133	1955.0257	2080.34152	1997.0103
55506152010661	2	2007.499	1948.745	1558.2078	2076.5783	2304.500067	2172.3106	2084.54924	2033.271833
55506152010661	3	192.914	1921.788	2956.5104	2753.8617	2512.943667	2212.87805	2226.25376	2008.389767
55506152010661	4	2134.983	1087.76	1838.5494	1697.228	1581.739067	1440.5234	1632.98532	1523.367667
55506981010661	1	1592.852	915.781	2195.147	2351.3003	2143.223267	1773.0871	1776.52608	1829.8552
55506981010661	2	904.074	3233.416	2195.147	2351.3003	1958.957533	1773.0871	1764.51756	1823.058533
55506981010661	3	2036.132	370.811	1725.1906	2031.1905	1840.241733	2017.28565	1848.78192	1752.877667
55506981010661	4	96.932	978.036	1146.512	1216.7863	1146.364467	1079.57145	1117.70364	1240.824033
55507569010661	3	605.935	1020.569	1907.1066	1748.3997	2031.132467	2099.7794	1947.94376	1735.887033
55507886010661	1	1184.838	181.498	2242.8678	1750.8917	1846.643733	1966.79375	2108.98476	2115.5483
55507886010661	2	3061.751	181.498	1869.2508	2566.6164	2465.1112	2194.9809	1979.9018	1797.428467
55507886010661	3	1669.836	2922.947	1712.5596	2317.4155	1973.006467	2333.73365	2318.87364	2092.490867
55507886010661	4	714.167	2237.352	1464.1718	1827.5987	1587.120867	1905.353	2059.38836	2015.714333
55508422010661	1	169.312	2369.71	1617.098	2002.4933	1980.075067	1863.70725	2025.52732	1905.4412
55508422010661	2	3138.654	1571.582	1650.6438	1477.8903	1357.303667	1775.5217	1711.40344	1900.893933
55508422010661	3	1767.006	348.98	1765.711	1995.2843	1666.959733	1573.0837	1610.61216	1646.6194
55508422010661	4	1549.944	361.615	893.7912	1518.8953	1711.032333	1553.4654	1485.68032	1403.647467
55509232010661	1	1906.672	1477.834	2203.8414	2008.9358	1676.9398	1603.6216	1663.7542	1633.2342
55509232010661	2	2563.054	1535.026	2697.0448	2111.9807	2120.825867	2027.2392	2026.04032	1855.047067
55509232010661	3	3096.799	482.019	1878.541	2169.629	2030.179133	1689.7778	1684.89796	1671.2714
55509232010661	4	2792.043	3304.926	2360.1594	2088.7348	1963.019133	1736.8213	1643.00956	1673.137967
55510381010661	1	94.919	932.492	2194.0034	2553.7194	2375.413667	2314.70095	2157.51876	2092.9809
55510381010661	2	1589.897	1044.826	1085.1324	1400.2706	1578.5694	1608.07475	1567.45596	1732.896633
55510381010661	4	125.82	1247.069	2653.9746	1709.4334	1940.696333	1953.14635	1902.27284	1944.902533
55511294010661	1	142.507	3927.355	1833.2776	2152.293	2018.804	1705.4906	1656.5698	1757.966433
55511294010661	2	58.219	6424.234	2161.3824	1937.7025	1629.6814	1477.4372	1562.37716	1598.334267
55511294010661	3	233.873	693.497	2531.0122	2345.2555	2232.225733	1845.30305	1682.07744	1734.189067
55511294010661	4	13.404	4702.567	2200.589	2083.0366	1810.033	1966.5028	1987.05664	1870.829
55511910010661	1	696.658	1425.532	1789.8462	1966.848	1972.4382	1773.6553	1624.91404	1584.5939
55511910010661	2	2103.453	1512.637	1361.6684	1473.3658	1487.466	1586.5184	1506.18248	1572.674067
55511910010661	3	931.781	940.446	1192.8474	1294.4551	1401.3318	1576.92275	1566.63156	1537.86
55511910010661	4	265.85	1885.742	1483.9156	2171.553	2362.587333	2022.08255	2125.12056	1997.163167
55512616010661	1	1258.265	1581.416	1296.6654	1432.2129	1256.2884	1440.596	1560.59116	1540.502367
55512616010661	2	1248.861	536.411	1265.4918	1455.1543	1478.234133	1473.40945	1395.37792	1370.483633
55512616010661	3	857.511	686.183	1707.6968	1481.3221	1226.484067	1234.82695	1154.94404	1088.9324
55512616010661	4	1072.538	1975.53	2369.143	1822.5274	1640.646067	1499.9113	1498.47148	1530.873367
55513227010661	1	2282.625	269.054	1233.594	1346.7809	1268.6242	1472.304	1536.35844	1600.899567
55513227010661	2	1418.702	921.235	902.9478	1960.9915	2063.609267	1674.9347	1832.0378	1779.131933
55513227010661	3	2565.273	85.474	1127.5436	1268.215	1274.842	1435.7979	1593.05844	1485.989433
55513227010661	4	2205.589	2641.01	2006.9382	1437.8529	1251.9038	1273.0905	1405.03344	1414.310533
55514329010661	1	2461.937	1463.338	1936.1798	1788.7351	2112.587333	1897.89285	1732.34476	1554.910733
55514329010661	2	1696.412	3181.257	1862.4346	2114.6977	1821.314933	1689.6205	1616.98224	1593.8379
55514329010661	3	2803.945	1949.289	1397.2764	1454.2532	1504.147133	1547.0001	1331.7938	1330.45
55514329010661	4	1959.689	1333.527	1031.7582	1110.5746	1231.175333	1551.30665	1553.95304	1581.2416
55515730010661	1	1844.453	931.781	1233.3722	1174.9282	1371.391933	1625.05865	1556.39988	1532.6082
55515730010661	2	2652.72	3188.767	1331.815	969.6099	1688.018733	1761.39495	1650.01836	1594.772267
55515730010661	3	1921.124	2777.19	2414.1664	1745.7428	2114.7854	1956.4204	1825.19396	1808.483933
55515730010661	4	1037.266	2696.679	1505.2816	1762.5731	1514.057067	1614.48135	1492.08712	1545.2911
55516650010661	1	2237.352	3526.213	2097.916	1329.8991	1659.2026	1481.3847	1614.00516	1603.998067
55516650010661	2	1309.281	1302.847	1480.6906	1518.7431	1623.508267	1885.1441	1947.934	1936.1288
55516650010661	3	2696.679	229.106	1213.552	1273.0891	1298.936	1523.77585	1573.62912	1660.821133
55516650010661	4	1802.274	5879.257	2155.7398	2029.1335	2123.4224	1961.96825	1797.6618	1773.959
55517653010661	3	3956.151	1719.464	1258.3916	1615.6517	1993.0106	1941.42805	1881.68952	1816.2491
55517653010661	4	3766.946	3119.54	1655.0264	2104.5869	1837.171933	1952.9159	2107.90608	1945.158533
55518103010661	3	363.9	2654.041	1441.1334	1527.0258	1546.529467	1406.65135	1427.28604	1334.757633
55518776010661	1	999.146	872.187	1561.8986	1564.4783	1710.279333	1618.56475	1523.37232	1545.3697
55518776010661	2	2149.74	4387.43	2340.8426	1622.9946	1618.4142	1891.7125	1921.47152	1995.451567
55518776010661	3	578.261	3314.326	2054.1956	1699.1774	1585.655133	1399.35785	1335.29388	1362.783767
55518776010661	4	1535.026	3471.405	1780.261	1995.3147	2248.3984	2028.23905	1780.8628	1907.525567
55519831010661	1	823.824	4108.934	2422.3782	1631.8769	1701.694933	1933.63185	1786.99052	1655.2372
55519831010661	2	6424.234	2568.025	1459.357	1020.5304	1057.686867	1014.5489	1180.31564	1408.651
55519831010661	3	2738.568	1338.175	1192.1056	1388.0681	1445.1746	1361.54585	1263.78764	1372.176967
55519831010661	4	1460.259	2600.691	2763.2314	2183.1355	2012.1402	1831.8489	1697.19504	1687.4232
55520453010661	1	1854.969	176.421	1088.2454	1249.6662	1346.464267	1309.4073	1387.56284	1545.5738
55520453010661	2	2089.696	4996.654	2646.6084	2274.1152	1806.160467	1797.7277	1602.85172	1433.4742
55520453010661	3	1596.835	1698.176	797.3514	1063.198	1021.527733	1256.53305	1179.01188	1194.1535
55520453010661	4	809.014	2784.432	1537.6602	1866.4036	2203.180733	1959.59355	1727.55352	1778.431067
55521817010661	1	269.95	289.794	1376.9926	1495.5346	1749.317333	1698.78305	1975.63488	1878.750033
55521817010661	2	804.48	289.794	1205.2888	1495.5346	1680.927733	1621.43845	1793.73084	1916.319633
55521817010661	3	28.918	1766.199	1801.1374	1505.1115	1910.284133	1682.37715	1549.98504	1616.825533
55521817010661	4	1477.834	3304.926	2316.4918	2433.4814	2069.1286	1903.37635	1773.77396	1855.801033
55522403010661	1	73.458	150.302	1244.4104	1590.2652	1773.667533	1839.39195	1745.86896	1759.4385
55522403010661	4	899.697	150.302	1202.5296	1081.2438	1338.550267	1530.52125	1539.2336	1649.981167
55522586010661	1	2784.432	809.014	1440.6548	1274.8021	1875.826333	1735.33775	1603.5322	1454.6212
55522586010661	2	3220.947	466.106	2034.4908	2044.6106	1752.9526	1508.14265	1563.65932	1652.2298
55522586010661	3	1686.488	394.867	1271.4078	1433.5196	1198.115667	1072.57625	1229.34216	1282.821733
55522586010661	4	3233.416	3139.485	2219.8342	1945.8402	1776.936267	1580.87175	1556.76176	1444.2081
55524797010661	1	169.977	1722.608	1895.112	1725.2955	1573.438133	1668.507	1727.30816	1580.772367
55524797010661	2	1371.041	1333.228	1381.781	1589.0883	1445.7596	1620.16455	1682.42908	1606.393533
55524797010661	3	1156.764	661.591	1084.0654	1155.1171	1393.727267	1297.49625	1297.60096	1470.281867
55524797010661	4	1986.991	1520.16	1276.993	1218.6038	1562.3484	1545.755	1413.95092	1415.132367
55525403010661	1	740.703	931.781	866.6672	1313.5629	1567.475467	1602.0948	1470.78164	1562.6195
55525403010661	2	1220.333	3476.05	1926.4988	1640.5258	1857.638	1728.72255	1655.01516	1505.2024
55525403010661	3	995.235	243.939	2443.9922	2421.8255	2561.9928	2786.096	2485.08608	2377.757333
55525403010661	4	877.086	2652.72	1629.1122	1899.6356	1606.4108	1909.3918	1882.03376	1889.307567
55525848010661	3	2223.562	181.498	1837.9314	1539.6087	1942.003733	1999.2235	1952.13592	1857.400233
55526227010661	1	1624.224	3259.403	1490.1542	1291.0751	1212.432733	1159.28645	1242.95736	1420.408
55526227010661	2	828.876	1802.274	2352.5694	1960.3658	2133.412933	2046.00055	1842.65544	1724.916033
55526227010661	3	1685.363	303.409	1554.734	1746.2802	1677.242733	1444.17755	1348.20364	1440.7634
55526227010661	4	1894.076	1921.124	1838.6068	1887.5053	1785.254267	1636.43295	1876.85596	1834.895567
55527818010661	1	3003.546	73.511	1413.0762	1652.4548	1483.828067	1699.1825	1690.94408	1574.498667
55527818010661	2	3810.962	73.511	1389.9354	1546.1134	1269.590467	1843.94795	1802.66908	1726.073167
55527818010661	3	2925.978	230.51	2170.0216	1716.6509	1309.592867	1246.85905	1404.8914	1646.925833
55527818010661	4	1784.712	761.869	619.6794	1264.8976	1281.6108	1321.6168	1502.21648	1483.079533
55529265010661	1	1284.361	1878.867	1167.6844	1320.3064	1382.6092	1394.22325	1447.01244	1493.099
55529265010661	2	716.412	1581.416	1554.3402	1358.6221	1219.285867	1446.45805	1460.7386	1515.721067
55529265010661	3	1094.081	1703.197	1164.913	1322.324	1487.737267	1524.1632	1404.87416	1414.0663
55529265010661	4	1128.775	1408.112	1499.0354	1474.3409	1342.655267	1430.9672	1250.28332	1352.365333
55530010010661	1	4242.502	471.722	1865.3784	1756.7923	1755.907	1675.5929	1607.65672	1533.169567
55530010010661	2	2285.655	2096.798	1854.7798	2007.5591	2363.117667	2093.6258	2023.13852	1929.9476
55530010010661	3	3188.767	125.82	2365.5308	1625.0509	1428.648	1684.4082	1893.32276	1811.409933
55530010010661	4	498.214	3006.24	2215.3608	1773.1217	1476.993267	1634.5969	1793.36828	1746.224667
55530903010661	1	746.371	2861.076	2141.2736	1592.1747	1367.3214	1282.986	1243.33468	1410.3872
55530903010661	2	925.854	2861.076	1491.8972	1692.6075	1320.5024	1281.0366	1269.5888	1211.1893
55530903010661	3	1252.66	182.306	1835.8586	1624.2378	1418.7846	1425.37765	1489.30724	1526.161933
55530903010661	4	988.209	761.869	1694.7638	1627.9412	1249.5396	1259.78925	1391.47368	1444.6616
55531470010661	1	1464.811	1749.572	1225.1592	1505.4584	1245.0494	1613.43975	1600.84916	1568.898633
55531470010661	2	394.877	1309.755	1339.2622	1781.4574	1496.610667	1875.29375	2025.36776	1981.2155
55531470010661	3	1745.667	1058.579	1659.1592	1621.1548	1801.363333	1649.3642	1567.91184	1488.0857
55531470010661	4	296.865	1883.357	2209.7572	1741.0812	2153.688667	2131.05405	1939.72648	1875.2303
55531785010661	1	2309.901	2098.915	1262.2908	1119.985	1228.693667	1268.83165	1488.23384	1400.392767
55531785010661	2	2274.485	1490.442	1571.6958	1356.1103	1396.387267	1440.7012	1219.46232	1190.1123
55531785010661	3	1466.114	404.823	2137.7298	1842.7957	1793.735667	1677.65835	1588.43136	1632.076033
55531785010661	4	1835.666	1490.442	1161.9192	1250.6502	1317.1182	1291.7639	1320.224	1405.422333
55532329010661	1	2526.039	3773.093	1557.171	2069.911	2182.342467	2155.30935	2238.13364	2104.718267
55532329010661	2	3526.213	2237.352	2326.0266	1546.3941	1579.2084	1699.47125	1601.3822	1594.137333
55532329010661	3	1921.788	1760.154	2978.4964	2330.3593	2309.324733	2151.7575	2078.37132	1885.050367
55532329010661	4	2755.615	1254.457	1234.0258	1830.3358	1754.402133	2007.34965	2142.10732	2079.317967
89732397010661	1	5301.807	319.843	1010.067	1457.5366	1526.2028	1669.5622	1595.08044	1613.697733
89732397010661	2	3926.735	1058.579	1415.0646	1367.0758	1333.252067	1588.60975	1433.17488	1465.112967
89732397010661	3	5681.835	4326.481	4227.007	2825.8386	2397.339467	2225.2329	2031.10608	1942.869033
89732397010661	4	2027.387	86.272	1336.2758	1197.7006	1208.874733	1101.62985	1305.4064	1364.850967
89732509010661	1	1755.917	2784.432	1860.1102	1908.6159	2128.5366	1995.8885	1927.97516	1727.5858
89732509010661	2	757.849	2784.432	1860.1102	1908.6159	2228.843667	2002.54645	1927.97516	1805.435867
89732509010661	3	190.967	2604.333	1086.314	1428.5028	1610.989267	1645.10655	1535.31908	1541.518033
89732509010661	4	1429.769	2784.432	1860.1102	1908.6159	1895.893933	1995.8885	1927.97516	1727.5858
89732597010661	1	307.215	620.198	1716.768	1463.413	1435.161667	1382.44155	1388.806	1405.841
89732597010661	2	2110.013	1689.424	1845.2694	1229.5096	1303.6592	1305.6152	1387.54876	1409.718033
89732597010661	3	536.411	661.591	1599.4268	1526.3993	1608.36	1534.9365	1447.91168	1463.829167
89732597010661	4	1199.107	1281.616	1441.2632	1374.1178	1450.373933	1619.326	1608.27948	1608.651567
89732677010661	1	1703.197	2680.298	1105.6864	1357.0575	1412.497267	1474.045	1391.185	1340.904833
89732677010661	2	1099.595	1334.121	1524.0296	1393.6692	1512.3404	1538.32895	1540.91292	1486.017133
89732677010661	3	979.519	1823.996	1345.1676	1535.1812	1495.184333	1300.8453	1364.02324	1405.3719
89732677010661	4	1776.571	1689.424	1565.7238	1429.5134	1582.4358	1579.6125	1464.1334	1378.487967
89732776010661	1	2948.362	345.3	913.8926	891.8566	940.579333	885.8174	1099.20784	1257.1134
89732776010661	2	3148.9	345.3	651.7458	851.4602	1007.494267	1380.6468	1463.16104	1516.239167
89732776010661	3	2600.691	494.198	747.4506	1098.343	1247.778267	1463.2528	1392.67516	1464.6793
89732776010661	4	470.752	505.408	959.6882	985.9018	983.986867	1009.1324	1019.55712	1343.967667
89732852010661	2	505.408	2668.108	952.757	1144.7808	1184.449667	1248.70225	1319.84596	1427.588
89732852010661	3	1324.916	1126.42	1280.7538	1200.5549	1046.498667	1010.06095	1319.84596	1521.4979
89732852010661	4	1804.42	670.33	1382.9656	1532.1607	1738.1848	1482.0014	1523.12496	1522.870433
89732939010661	1	402.523	556.449	1312.1824	1553.0982	1477.552867	1552.2956	1576.55872	1599.460467
89732939010661	2	251.866	1244.823	1166.7308	1223.5644	1287.7288	1198.94095	1454.97844	1660.8263
89732939010661	3	467.485	1028.493	1166.0158	1126.8878	1231.667	1428.4248	1589.42224	1621.211033
89732939010661	4	345.3	2948.362	1434.505	1427.1272	1454.014733	1270.89395	1312.14164	1531.675333
89733074010661	1	243.939	995.235	2594.2514	2474.7099	2755.4052	2927.71255	2616.74872	2381.511867
89733074010661	3	224.875	13.404	2116.445	2098.3038	1849.043933	1829.7042	1861.95168	1820.8864
89733100010661	1	268.831	1219.75	1099.6954	881.6474	1345.0704	1221.34225	1268.48552	1301.397267
89733100010661	2	978.036	96.932	970.2912	1354.1326	1101.9104	1023.01605	1091.6182	1230.3023
89733100010661	3	915.781	1592.852	1073.995	2183.7078	1942.346533	1886.69145	1832.63392	1821.960167
89733100010661	4	394.658	1248.861	1526.0878	1336.0641	1487.363333	1455.37565	1393.96592	1403.132633
89733223010661	1	2641.01	2205.589	873.4286	871.8302	893.953533	1192.9903	1198.9284	1306.472667
89733223010661	2	2059.359	1075.919	1267.262	1261.8662	1352.783467	1365.8997	1418.86728	1474.402433
89733223010661	3	1574.984	1043.294	940.055	1110.9599	1240.5928	1417.66965	1491.5972	1507.421267
89733223010661	4	5992.412	795.991	755.5984	1075.4208	1109.978667	1180.47355	1437.223	1313.005933
89733340010661	1	670.817	1564.395	1893.9094	2592.5429	2082.205533	1660.79225	1697.23964	1796.053833
89733340010661	3	390.375	661.719	1066.2204	1889.678	1621.476933	1559.54155	1516.10652	1533.39
89733382010661	1	2317.084	138.486	762.6362	1015.1518	1138.6982	1198.13145	1272.32456	1323.460067
89733382010661	2	5875.451	138.486	787.1628	940.5616	979.980733	1088.33305	1070.08036	1114.3402
89733382010661	3	3733.868	157.758	620.2792	1120.8399	1142.495733	1190.60175	1276.38768	1246.625067
89733382010661	4	2552.045	2644.57	1662.5248	1642.8215	1321.285867	1369.77405	1441.06992	1424.003167
89733540010661	4	2151.489	2018.646	1437.3814	1956.2807	1504.3	1618.51105	1620.45528	1716.045133
89733582010661	1	2501.267	1866.177	1890.531	1840.267	1801.761	1772.9504	1654.297	1658.735
89733582010661	2	3006.24	1428.988	1939.2756	1644.5997	1722.241533	1771.82175	1618.81496	1610.1581
89733582010661	3	2801.303	1295.673	1450.0798	2023.7439	1975.482333	1706.51235	1717.64764	1786.096267
89733582010661	4	1087.76	3951.961	1851.3856	1901.2406	1952.763733	1621.8246	1477.93948	1614.722333
89733842010661	1	1267.87	2031.24	1483.125	1458.6775	1532.259533	1428.8298	1461.45212	1574.1868
89733842010661	2	2352.812	1043.294	1706.6854	1384.612	1311.904867	1424.24655	1424.55304	1641.4029
89733842010661	3	133.586	1875.286	2060.9646	1738.8539	1585.9054	1408.2432	1484.17856	1532.1506
89733842010661	4	1104.304	729.986	1324.8436	1238.7719	1467.805867	1573.98785	1486.0298	1494.0934
89733987010661	1	5300.636	312.321	2076.2452	1536.0857	1631.706533	1649.3196	1650.82276	1630.224833
89733987010661	4	2482.499	4301.164	1454.3832	1128.2199	1525.0666	1708.47825	1720.35088	1587.490967
89734070010661	1	1632.006	1642.773	1237.9306	1403.1834	1507.968467	1404.43905	1345.34828	1365.849667
89734070010661	2	1007.478	1226.902	1867.6982	1412.8087	1849.018	1887.63605	1858.46132	1737.000533
89734070010661	3	7513.096	181.498	568.2358	1162.5484	1317.2682	1539.2896	1771.21084	1772.509333
89734070010661	4	2828.862	838.252	1312.1212	1253.0335	1190.9434	1267.27435	1344.77284	1421.7786
89734228010661	1	2253.22	1340.555	1397.6886	1360.8709	1667.933867	2125.6964	2067.55436	2104.1315
89734228010661	2	1044.826	330.404	1672.201	1727.5159	1503.126067	1735.25145	1667.5316	1785.531533
89734228010661	3	1712.039	1302.847	1123.3452	1741.3208	1692.207933	2103.99175	2218.23888	1976.803267
89734228010661	4	1830.672	478.17	995.1236	1143.487	1281.555867	1333.68785	1389.8518	1662.318433
89734392010661	1	1295.994	809.262	1168.8708	1625.3614	1409.491267	1729.9734	1615.89984	1554.188667
89734392010661	2	189.986	822.01	1263.9966	1779.6926	1637.938467	1446.44375	1426.61036	1369.114967
89734392010661	3	698.417	3184.137	1451.2634	1335.2868	1465.613067	1388.09415	1436.06888	1447.899067
89734392010661	4	1900.581	169.977	1750.9678	1390.2498	1503.568733	1499.24615	1581.35324	1520.572167
89734495010661	2	1069.198	215.253	934.1944	1329.9171	1739.1538	1581.3791	1552.90484	1504.7355
89734574010661	1	176.421	1276.691	1423.955	1417.521	1510.900533	1597.7402	1523.3938	1601.092367
89734574010661	2	466.106	3220.947	2418.1548	2517.3012	2151.432667	1833.4262	1792.05356	1850.7992
89734574010661	3	370.811	2036.132	2283.604	2342.2956	1962.986533	2295.5425	1950.86216	1860.2705
89734574010661	4	483.124	432.554	1155.7208	1529.8514	1394.334533	1337.42715	1519.06884	1404.909333
89734825010661	1	1728.04	2569.436	1423.835	1320.1453	1514.4224	1525.0614	1492.35048	1481.515433
89734825010661	2	2431.62	1227.936	1538.5086	2317.4304	2282.853667	2114.63405	1867.48048	1868.302633
89734825010661	3	1191.896	366.439	1086.3	1367.9267	1599.2972	1747.69215	1624.1352	1584.146733
89734825010661	4	4301.164	2482.499	1219.8798	934.5748	1309.7432	1612.3138	1647.60428	1526.8688
89734952010661	1	1166.33	3138.654	2180.2796	1632.4	1406.373133	1623.46425	1615.81704	1679.742933
89734952010661	2	1571.582	3138.654	1351.1748	1299.7767	1562.573733	1664.7828	1981.52652	1926.624
89734952010661	3	2212.744	3528.434	2186.1302	1632.4	1475.677267	1468.24615	1704.50332	1575.2258
89735034010661	1	1312.732	1254.146	1586.9048	1539.6223	1427.707067	1389.1302	1564.71528	1616.058767
89735034010661	2	637.504	1254.146	1586.9048	1865.9952	1782.824667	1669.80155	1451.64504	1554.545133
89735034010661	3	1168.237	887.965	2165.3082	1884.8772	1717.515	1919.4074	1752.99792	1735.0365
89735034010661	4	872.187	999.146	1267.7536	1350.9293	1421.854667	1681.4144	1614.91968	1629.1942
89735312010661	1	1696.856	2414.617	2993.73	2095.2228	1820.5238	1777.52005	1874.15924	1807.698467
89735312010661	2	2016.065	2539.881	1760.7692	1287.4779	1397.0052	1340.70235	1535.397	1562.170633
89735312010661	3	2300.149	940.446	1077.415	983.2761	1248.566933	1407.1532	1415.04292	1660.879367
89735312010661	4	1333.527	1574.984	975.424	1267.4958	1359.784067	1497.33075	1442.29088	1514.5952
89735523010661	1	1026.234	2055.717	2542.3656	2008.4125	2129.499267	2048.25275	1848.78224	1715.424033
89735523010661	2	319.843	5301.807	2231.5108	1861.3712	2125.3236	2054.49985	1952.37288	1954.099967
89735523010661	3	391.475	767.518	1324.7822	1824.3947	1596.1024	1715.3565	1673.2466	1547.7791
89735523010661	4	86.272	644.204	1108.546	1328.8041	1615.918333	1442.16815	1400.55784	1405.1509
89735601010661	1	1242.476	502.749	1621.742	1485.5882	1725.468133	1574.70615	1542.91204	1739.9946
89735601010661	2	1269.506	673.611	882.7986	1416.032	1780.766733	2028.42275	1997.01996	1949.4662
89735601010661	3	1702.518	2657.655	2505.997	1733.5092	1990.8116	1892.367	1851.00228	1929.775733
89735601010661	4	1143.474	91.123	1513.5914	1275.6001	1504.663467	1601.72665	1615.29988	1714.677333
89735722010661	2	478.17	1830.672	1163.6448	1209.6982	1213.932933	1438.08745	1443.95188	1453.588667
89735722010661	4	181.498	3061.751	3438.5534	2199.268	1943.996667	1905.3924	1991.89712	2160.934033
89735778010661	1	2802.842	1026.234	2004.6104	2010.4926	1720.483267	1591.55305	1744.56476	1636.3729
89735778010661	2	1820.114	790.16	1560.5106	1337.3599	1305.647	1377.43555	1410.80248	1607.939767
89735778010661	3	2569.436	1728.04	1570.3946	1273.0069	1257.036933	1331.72655	1323.0164	1325.7421
89735778010661	4	2163.699	1685.363	1408.3836	1391.5206	1746.873267	1620.21295	1545.87108	1613.315367
89736031010661	3	760.061	91.123	1520.4816	1502.7569	1423.674267	1416.55095	1433.07312	1557.789667
89736031010661	4	2581.931	1487.798	2082.5324	1888.5839	1877.034267	1763.8104	1724.77408	1582.378033
89736094010661	1	838.252	1722.608	1768.7174	1520.1758	1468.449933	1583.7429	1534.33948	1457.8291
89736094010661	2	976.579	1333.228	1418.679	1573.839	1724.309733	1526.7305	1583.64592	1676.531733
89736094010661	3	1247.069	136.103	467.01	1801.6771	2137.993933	2097.16185	1911.13192	2014.0387
89736094010661	4	967.233	3676.483	1992.2002	1822.3159	1914.180733	1986.2206	2057.77408	1915.924167
89736265010661	3	769.355	1666.068	2594.779	2200.816	1942.866667	1775.8427	1710.99344	1678.3981
89736516010661	1	5879.257	1802.274	1323.1828	1700.1503	1603.637	1600.99935	1577.28436	1645.2087
89736516010661	2	3259.403	422.309	1021.284	1205.2597	1256.508467	1173.57885	1265.0792	1279.613233
89736516010661	3	1960.644	696.658	1381.8622	1606.3075	1438.948333	1446.28445	1587.26476	1630.675567
89736516010661	4	3107.549	2646.879	1692.8528	1623.229	1468.689733	1615.22535	1520.9364	1461.614067
89736858010661	1	693.497	1463.338	2439.0874	1981.078	2002.971733	1762.53845	1734.44844	1618.606567
89736858010661	2	2003.544	5301.807	1884.336	1867.4064	1895.782867	1688.3445	2055.61808	1918.816433
89736858010661	3	1338.175	2738.568	1817.887	1313.752	1572.3868	1444.3006	1678.07368	1579.8662
89736858010661	4	1361.682	1359.036	1541.9864	1793.56	1608.7722	1522.1609	1488.08092	1492.387233
89736967010661	1	1020.569	605.935	1619.0552	1800.9473	2041.137533	1899.8522	1761.4334	1821.655367
89736967010661	2	502.749	2369.098	2735.6872	1610.0023	1490.559867	1602.8466	1537.88204	1708.4239
89736967010661	3	2242.247	5871.378	1913.1646	1911.5978	1763.5296	1630.0376	1500.2724	1488.2292
89736967010661	4	1886.134	2369.098	2527.888	1535.4872	1469.05	1680.9903	1577.27168	1580.614767
89737049010661	1	39.47	1200.223	2687.4762	1984.5654	1669.217733	1627.8253	1726.71708	1602.197733
89737049010661	2	71.839	2242.247	3110.8304	2049.874	1877.8078	1791.8564	1709.08192	1654.63
89737049010661	3	148.313	2242.247	2687.4762	2142.54	1970.4668	1794.41135	1628.87492	1597.5917
89737172010661	1	143.631	1436.861	1604.5098	1915.6195	1663.785533	1583.5802	1778.3808	1731.720033
89737172010661	2	2096.798	2431.62	2453.66	2227.0225	2434.629733	2446.08105	2104.08328	1902.356933
89737172010661	3	909.937	315.648	1766.3764	1631.2278	1623.675333	1901.7432	1679.4918	1665.901033
89737172010661	4	2587.272	404.823	1704.976	1889.6158	1735.2052	1688.21235	1552.11916	1507.454367
89737269010661	1	551.937	1181.411	1326.3682	1746.7112	1648.1138	1801.52905	1668.5376	1729.469667
89737269010661	2	644.204	86.272	1137.9872	1482.9678	1446.992867	1385.8802	1414.48168	1451.486033
89737269010661	3	1068.311	371.528	815.9658	993.7576	1334.5984	1662.7642	1729.60796	1868.869767
89737269010661	4	436.752	1676.774	1799.4854	2620.4806	2652.7046	2581.6706	2214.27296	2252.608867
89737446010661	1	357.571	270.366	1629.7298	1694.3203	1641.517067	1517.92595	1450.70728	1525.8644
89737446010661	2	1642.773	1632.006	1215.9502	1410.5516	1563.1478	1561.43385	1529.48148	1515.0295
89737446010661	4	471.686	2240.938	1595.03	1486.3338	1369.068	1380.9029	1363.176	1412.557133
89737538010661	1	1409.85	2089.696	1340.3072	1227.8673	1377.540133	1310.76055	1155.71336	1380.979667
89737538010661	2	1199.386	2587.272	1952.6278	1950.8798	1820.212533	1691.8389	1449.77344	1525.716
89737538010661	3	4996.654	2089.696	1892.9758	1797.8052	1792.544	1563.0796	1457.46464	1362.614967
89737538010661	4	1823.996	979.519	1287.2974	1197.6948	1138.321867	1265.8982	1218.24316	1301.0018
89737728010661	1	790.16	1820.114	1005.5818	1472.5757	1780.643733	1812.3072	1795.05764	1805.738267
89737728010661	2	1290.493	2627.972	1352.2228	1966.07	1955.1266	2024.86505	1996.11968	1861.2772
89737728010661	3	917.193	319.843	1596.4252	1853.6179	1974.5702	1859.0848	1876.07648	1877.0884
89737728010661	4	156.639	2891.682	1694.4444	1446.0573	1581.839467	1559.58415	1444.38988	1443.265
89737871010661	1	1520.16	1284.487	1399.427	1308.8483	1404.501733	1464.40585	1331.24624	1352.485867
89737871010661	2	1439.221	686.183	1373.5034	1506.4239	1411.225667	1378.85625	1409.13164	1431.169567
89737871010661	3	2739.614	1333.228	1374.674	1398.4641	1270.8918	1534.31025	1395.31356	1464.917
89737871010661	4	2898.567	2788.092	1400.9904	1386.3017	1450.707	1309.89	1464.2988	1492.444967
89737987010661	1	1428.988	3006.24	2428.0812	1801.725	1848.350067	1764.7952	1693.76324	1743.866367
89737987010661	3	615.534	1029.608	2124.1212	1574.1718	1788.926333	1802.02495	1663.76112	1707.4535
89737987010661	4	2862.401	3006.24	1394.6534	1842.9424	1902.852333	2055.5701	1901.1552	1824.267067
89738116010661	1	3994.907	1156.148	1646.836	1532.3588	1469.3308	1406.6515	1641.37192	1870.788467
89738116010661	2	1075.919	2059.359	1601.2412	1875.8918	1719.191733	1563.83825	1585.74992	1622.200867
89738116010661	3	1926.045	4326.481	2301.4486	3626.9416	3231.013333	3039.35245	2568.25604	2441.599533
89738116010661	4	977.092	964.502	2075.2508	1567.4912	1611.781733	1660.3937	1730.21868	1822.735933
89738242010661	1	182.306	4323.852	1423.074	1320.8131	1326.471533	1369.67915	1639.50072	1455.7069
89738242010661	2	327.509	488.859	2209.9914	1647.5401	1535.2214	1613.29995	1624.70172	1580.174833
89738242010661	3	2883.856	488.859	1559.6086	1579.9439	1744.5956	1672.10065	1537.04468	1667.334267
89738242010661	4	887.965	2110.701	1681.2668	1614.073	1589.123067	1643.0912	1740.33328	1735.5259
89738415010661	1	3446.742	1338.175	1978.1256	1277.889	1308.501867	1396.1682	1395.414	1643.310667
89738415010661	2	2018.646	2869.96	2135.7106	1617.8417	1781.3232	1807.28105	1660.2226	1623.453433
89738415010661	3	1749.572	1017.595	923.938	1236.3027	1353.6888	1511.0215	1600.76464	1567.784633
89738415010661	4	3181.257	1696.412	2316.0098	1512.7305	1828.812267	1828.8219	1632.59672	1527.3319
89738530010661	1	2031.24	133.586	1099.7774	1329.5719	1471.2956	1406.06825	1317.06728	1321.858267
89738530010661	2	1875.286	133.586	1221.7598	1390.541	1479.003733	1422.7674	1395.17764	1354.573133
89738530010661	3	1043.294	1574.984	1296.0946	1016.5839	1162.2852	1471.1145	1564.71836	1551.448433
89738643010661	1	1490.442	1285.229	1383.8474	1286.9552	1530.230133	1452.44195	1421.52712	1427.965
89738643010661	2	2346.813	2633.38	1608.3128	2061.6784	1934.682733	2137.1469	2027.529	2059.718633
89738643010661	3	404.823	2587.272	2147.3164	2056.2443	1764.286667	1767.45355	1638.08012	1612.379833
89738643010661	4	1520.034	2728.908	1749.5328	1671.6046	1635.7486	1480.29	1523.33224	1601.238367
89738746010661	1	2485.426	332.724	1508.6968	2019.599	1762.599867	1601.7412	1496.21816	1394.901067
89738746010661	2	1985.453	512.941	1508.6968	1708.9846	1518.284533	1440.76135	1422.4392	1395.500833
89738746010661	3	2190.317	196.697	1192.447	1706.997	1762.7126	1587.13815	1642.84808	1624.282167
89738746010661	4	4387.43	583.166	1596.9982	1173.6536	1649.363933	1874.00665	1622.2302	1567.189433
